1245879700.57 4 00000000000000000f001141 85 00000000000000000e00115e 84 00000000000000000e001160 87 00000000000000000e001156 88
1245879700.69 5 00000000000000000f00115b 87 00000000000000000e001160 86 00000000000000000e00115e 77 00000000000000000f001141 88 00000000000000000f001157 84
1245879700.8 4 00000000000000000e001160 84 00000000000000000f001143 83 00000000000000000e001142 83 00000000000000000f001155 90
1245879700.92 5 00000000000000000e001156 87 00000000000000000e00115e 83 00000000000000000e001160 88 00000000000000000e001158 80 00000000000000000e001170 80
1245879701.04 5 00000000000000000f001143 81 00000000000000000e001156 86 00000000000000000e001170 85 00000000000000000f001157 85 00000000000000000f001141 88
1245879701.16 4 00000000000000000e001160 86 00000000000000000e001156 88 00000000000000000f001141 86 00000000000000000f00115b 86
1245879701.28 5 00000000000000000f00115d 77 00000000000000000e001170 83 00000000000000000e001156 88 00000000000000000e00115e 80 00000000000000000e001160 87
1245879701.39 5 00000000000000000e001160 86 00000000000000000f001141 85 00000000000000000e00115e 85 00000000000000000e001156 88 00000000000000000e001158 78
1245879701.51 5 00000000000000000f00115b 78 00000000000000000f001143 84 00000000000000000f001155 89 00000000000000000e001142 83 00000000000000000e001156 85
1245879701.63 4 00000000000000000f001141 88 00000000000000000e001156 88 00000000000000000f00115b 88 00000000000000000e001160 86
1245879701.75 6 00000000000000000f001141 86 00000000000000000e001142 84 00000000000000000f001155 91 00000000000000000e001170 83 00000000000000000f00115b 80 00000000000000000f001143 83
1245879701.87 4 00000000000000000e001156 86 00000000000000000f001157 85 00000000000000000f001141 86 00000000000000000f00115b 82
1245879701.98 4 00000000000000000f001141 87 00000000000000000e001156 89 00000000000000000e00115e 81 00000000000000000e001170 81
1245879702.1 5 00000000000000000e001170 82 00000000000000000e001156 88 00000000000000000e001160 85 00000000000000000f001141 82 00000000000000000f00115d 79
1245879702.22 6 00000000000000000e001160 86 00000000000000000e00115e 85 00000000000000000e001156 88 00000000000000000f001141 84 00000000000000000e001170 76 00000000000000000f00115b 80
1245879702.34 6 00000000000000000f00115b 87 00000000000000000e001170 84 00000000000000000e001156 88 00000000000000000f001141 88 00000000000000000e00115e 77 00000000000000000f001157 84
1245879702.45 4 00000000000000000e001156 87 00000000000000000f00115d 78 00000000000000000e001160 87 00000000000000000f001141 83
1245879702.57 7 00000000000000000e001160 83 00000000000000000f001141 85 00000000000000000f001143 81 00000000000000000f001155 80 00000000000000000e001170 83 00000000000000000f00115b 82 00000000000000000e001156 85
1245879702.69 5 00000000000000000f001141 88 00000000000000000f001157 82 00000000000000000f00115b 88 00000000000000000e001156 88 00000000000000000e001160 86
1245879702.81 5 00000000000000000f001141 84 00000000000000000e001156 88 00000000000000000e001160 87 00000000000000000e00115e 84 00000000000000000e001158 79
1245879702.92 5 00000000000000000f001155 91 00000000000000000f001143 82 00000000000000000f001157 81 00000000000000000e001156 85 00000000000000000e001142 85
1245879703.04 4 00000000000000000e001170 80 00000000000000000f00115b 88 00000000000000000e001160 86 00000000000000000f001157 81
1245879703.15 3 00000000000000000e001156 86 00000000000000000f001157 85 00000000000000000e001160 82
1245879703.27 5 00000000000000000f001155 90 00000000000000000e001142 85 00000000000000000f001143 83 00000000000000000e001156 85 00000000000000000f001141 87
1245879703.39 5 00000000000000000f00115b 84 00000000000000000f001143 82 00000000000000000e001156 86 00000000000000000f001141 87 00000000000000000e001170 84
1245879703.5 5 00000000000000000e001160 84 00000000000000000e001142 83 00000000000000000e001170 83 00000000000000000f001155 89 00000000000000000f001143 83
1245879703.62 5 00000000000000000e001156 88 00000000000000000f001141 85 00000000000000000e001160 85 00000000000000000e00115e 85 00000000000000000f00115b 84
1245879703.74 6 00000000000000000f00115d 80 00000000000000000e001160 84 00000000000000000e001156 88 00000000000000000f001141 80 00000000000000000e001170 83 00000000000000000e00115e 81
1245879703.86 7 00000000000000000f00115b 79 00000000000000000e001160 86 00000000000000000e001156 88 00000000000000000e00115e 85 00000000000000000e001158 80 00000000000000000f001141 84 00000000000000000e001170 76
1245879703.98 4 00000000000000000f001155 88 00000000000000000f00115b 79 00000000000000000e001156 85 00000000000000000f001157 83
1245879704.09 3 00000000000000000e00115e 85 00000000000000000e001156 88 00000000000000000e001158 76
1245879704.21 6 00000000000000000e001160 81 00000000000000000e001142 79 00000000000000000f001141 84 00000000000000000f001155 84 00000000000000000f001157 85 00000000000000000e001156 86
1245879704.33 6 00000000000000000e001156 88 00000000000000000e00115e 81 00000000000000000e001160 86 00000000000000000f00115d 78 00000000000000000e001170 82 00000000000000000f001141 82
1245879704.45 5 00000000000000000e001156 88 00000000000000000e001160 86 00000000000000000f00115b 84 00000000000000000f001141 85 00000000000000000e00115e 84
1245879704.56 3 00000000000000000f00115b 88 00000000000000000e001170 84 00000000000000000e001156 88
1245879704.68 6 00000000000000000e001156 85 00000000000000000f001157 85 00000000000000000e001160 82 00000000000000000e001170 82 00000000000000000e001142 81 00000000000000000f001155 85
1245879704.8 5 00000000000000000e00115e 81 00000000000000000e001156 88 00000000000000000e001160 88 00000000000000000e001170 82 00000000000000000f001141 82
