1245700634.88 1  300833b2ddd9014035050000 83
1245700634.99 1  300833b2ddd9014035050000 84
1245700635.1 1  300833b2ddd9014035050000 85
1245700635.21 1  300833b2ddd9014035050000 83
1245700635.32 1  300833b2ddd9014035050000 84
1245700635.44 1  300833b2ddd9014035050000 83
1245700635.55 1  300833b2ddd9014035050000 82
1245700635.66 1  300833b2ddd9014035050000 83
1245700635.77 1  300833b2ddd9014035050000 84
1245700635.88 1  300833b2ddd9014035050000 83
1245700636.0 1  300833b2ddd9014035050000 84
1245700636.11 1  300833b2ddd9014035050000 85
1245700636.22 1  300833b2ddd9014035050000 83
1245700636.34 1  300833b2ddd9014035050000 82
1245700636.46 1  300833b2ddd9014035050000 83
1245700636.57 1  300833b2ddd9014035050000 84
1245700636.68 1  300833b2ddd9014035050000 83
1245700636.8 1  300833b2ddd9014035050000 85
1245700636.91 1  300833b2ddd9014035050000 84
1245700637.02 1  300833b2ddd9014035050000 83
1245700637.13 1  300833b2ddd9014035050000 84
1245700637.24 1  300833b2ddd9014035050000 84
1245700637.36 1  300833b2ddd9014035050000 84
1245700637.47 1  300833b2ddd9014035050000 84
1245700637.58 1  300833b2ddd9014035050000 85
1245700637.69 1  300833b2ddd9014035050000 84
1245700637.8 1  300833b2ddd9014035050000 82
1245700637.92 1  300833b2ddd9014035050000 82
1245700638.03 1  300833b2ddd9014035050000 83
