1245886225.48 10 00000000000000000e001170 87 00000000000000000f00115d 87 00000000000000000e001160 90 00000000000000000f001157 88 00000000000000000f001141 92 00000000000000000e001156 94 00000000000000000f00115f 78 00000000000000000f001155 89 00000000000000000e001144 79 00000000000000000e001158 79
1245886225.68 10 00000000000000000f001157 91 00000000000000000e001156 85 00000000000000000e001158 81 00000000000000000e001154 81 00000000000000000f001141 83 00000000000000000e001170 84 00000000000000000f00115d 80 00000000000000000e001160 82 00000000000000000f001155 89 00000000000000000f00115f 80
1245886225.86 10 00000000000000000f001141 86 00000000000000000e001158 87 00000000000000000f001155 92 00000000000000000e001156 91 00000000000000000f001157 88 00000000000000000e00115e 77 00000000000000000e001170 83 00000000000000000e001160 80 00000000000000000f00115b 77 00000000000000000f00115d 86
1245886226.05 12 00000000000000000e001160 93 00000000000000000f001155 88 00000000000000000f001157 86 00000000000000000f00115d 86 00000000000000000f00115f 80 00000000000000000e001156 91 00000000000000000e00115e 80 00000000000000000f001141 95 00000000000000000e001170 87 00000000000000000e001158 79 00000000000000000e001144 76 00000000000000000f00115b 78
1245886226.24 10 00000000000000000e001160 81 00000000000000000e001170 84 00000000000000000f001157 90 00000000000000000f001141 82 00000000000000000e001154 80 00000000000000000f00115d 78 00000000000000000e001156 85 00000000000000000e001158 84 00000000000000000e00115e 76 00000000000000000f001155 92
1245886226.42 9 00000000000000000e001156 83 00000000000000000f001157 90 00000000000000000f00115d 80 00000000000000000e001160 80 00000000000000000e001158 82 00000000000000000e001170 85 00000000000000000f001141 81 00000000000000000e001154 81 00000000000000000f001155 90
1245886226.61 10 00000000000000000f001141 88 00000000000000000f001155 92 00000000000000000e001156 91 00000000000000000e001158 85 00000000000000000f00115f 77 00000000000000000f001157 90 00000000000000000e001160 84 00000000000000000f00115d 86 00000000000000000e001170 82 00000000000000000e00115e 77
1245886226.79 10 00000000000000000f001157 91 00000000000000000e001156 92 00000000000000000f00115f 78 00000000000000000f001141 90 00000000000000000e001170 83 00000000000000000e001142 80 00000000000000000f00115d 89 00000000000000000e001160 89 00000000000000000f001155 90 00000000000000000f00115b 80
1245886226.98 12 00000000000000000f001141 90 00000000000000000e001160 90 00000000000000000e001156 91 00000000000000000f001157 89 00000000000000000e00115e 81 00000000000000000f001155 88 00000000000000000e001142 81 00000000000000000f00115f 76 00000000000000000e001170 83 00000000000000000f00115d 88 00000000000000000f00115b 80 00000000000000000e001158 82
1245886227.19 9 00000000000000000f001157 92 00000000000000000f001155 87 00000000000000000f00115d 88 00000000000000000e001170 81 00000000000000000e001154 77 00000000000000000f00115b 83 00000000000000000e001156 88 00000000000000000f001141 88 00000000000000000e001160 84
1245886227.37 9 00000000000000000e001158 87 00000000000000000f001157 86 00000000000000000e001170 84 00000000000000000e001160 81 00000000000000000f00115b 78 00000000000000000f001141 79 00000000000000000e00115e 82 00000000000000000e001154 74 00000000000000000f00115d 86
1245886227.55 7 00000000000000000f001157 85 00000000000000000e001170 82 00000000000000000e001160 78 00000000000000000f00115d 81 00000000000000000e00115e 82 00000000000000000e001158 80 00000000000000000f00115b 81
1245886227.74 8 00000000000000000f001157 86 00000000000000000f00115d 83 00000000000000000e001160 78 00000000000000000e001170 84 00000000000000000f00115b 83 00000000000000000f001141 82 00000000000000000e001158 78 00000000000000000e001154 75
1245886227.92 8 00000000000000000e00115e 84 00000000000000000e001160 88 00000000000000000f001157 88 00000000000000000f001141 91 00000000000000000e001154 80 00000000000000000e001158 81 00000000000000000e001170 74 00000000000000000f00115b 79
1245886228.11 9 00000000000000000e001154 79 00000000000000000e001160 90 00000000000000000e001170 81 00000000000000000f001141 93 00000000000000000f001157 86 00000000000000000e001158 82 00000000000000000f00115d 86 00000000000000000e00115e 84 00000000000000000f00115b 77
1245886228.29 7 00000000000000000f00115d 89 00000000000000000e001160 92 00000000000000000f001141 93 00000000000000000e00115e 86 00000000000000000e001158 83 00000000000000000e001170 86 00000000000000000f001157 86
1245886228.47 7 00000000000000000f00115d 90 00000000000000000f001141 92 00000000000000000e001160 89 00000000000000000e001158 84 00000000000000000e001170 83 00000000000000000e00115e 87 00000000000000000f001157 80
1245886228.66 6 00000000000000000e001160 89 00000000000000000e001170 84 00000000000000000f001141 89 00000000000000000f00115d 80 00000000000000000e00115e 80 00000000000000000f001157 82
1245886228.84 8 00000000000000000f00115d 90 00000000000000000f00115f 81 00000000000000000f001141 92 00000000000000000e001160 90 00000000000000000e001158 82 00000000000000000f001157 82 00000000000000000e00115e 87 00000000000000000e001170 83
1245886229.03 8 00000000000000000e001170 81 00000000000000000e001160 87 00000000000000000f001157 80 00000000000000000f001141 88 00000000000000000f00115b 81 00000000000000000e00115e 79 00000000000000000e001158 85 00000000000000000e001156 80
1245886229.21 8 00000000000000000f001141 86 00000000000000000e001160 83 00000000000000000e001170 82 00000000000000000e001158 77 00000000000000000e00115e 86 00000000000000000f00115f 76 00000000000000000f00115d 90 00000000000000000f001157 88
1245886229.4 8 00000000000000000f001141 91 00000000000000000e001160 89 00000000000000000e00115e 86 00000000000000000f00115d 91 00000000000000000e001170 82 00000000000000000f00115f 80 00000000000000000e001158 83 00000000000000000f001157 85
1245886229.58 8 00000000000000000e001170 78 00000000000000000e001158 84 00000000000000000f001157 86 00000000000000000e001156 83 00000000000000000f00115b 83 00000000000000000f00115d 81 00000000000000000e00115e 80 00000000000000000f001141 82
1245886229.76 7 00000000000000000f001141 89 00000000000000000f00115d 88 00000000000000000e001158 80 00000000000000000f001157 89 00000000000000000e001170 84 00000000000000000e00115e 85 00000000000000000e001160 86
1245886229.95 7 00000000000000000f001141 82 00000000000000000f001157 89 00000000000000000e001160 82 00000000000000000e001170 82 00000000000000000f00115d 88 00000000000000000e00115e 84 00000000000000000e001158 82
1245886230.13 9 00000000000000000f00115d 90 00000000000000000f00115b 80 00000000000000000e001160 85 00000000000000000e001170 86 00000000000000000f001141 88 00000000000000000e00115e 85 00000000000000000e001158 86 00000000000000000f001157 85 00000000000000000f00115f 74
1245886230.33 9 00000000000000000f001157 82 00000000000000000f00115d 79 00000000000000000e001156 82 00000000000000000f00115b 80 00000000000000000e001170 79 00000000000000000e001158 84 00000000000000000f001141 85 00000000000000000e00115e 84 00000000000000000e001160 83
1245886230.52 7 00000000000000000e001160 77 00000000000000000f001157 89 00000000000000000e001170 83 00000000000000000e00115e 85 00000000000000000e001158 80 00000000000000000f001141 78 00000000000000000f00115d 88
1245886230.7 9 00000000000000000f00115d 89 00000000000000000e00115e 83 00000000000000000e001170 87 00000000000000000f001157 86 00000000000000000f001141 79 00000000000000000e001158 80 00000000000000000e001156 82 00000000000000000e001142 81 00000000000000000f00115b 75
1245886230.88 9 00000000000000000f001157 87 00000000000000000f00115d 81 00000000000000000e001170 85 00000000000000000e001160 75 00000000000000000e00115e 79 00000000000000000f00115b 76 00000000000000000e001156 83 00000000000000000e001142 82 00000000000000000e001158 77
1245886231.07 9 00000000000000000f001157 85 00000000000000000f00115d 82 00000000000000000e001170 84 00000000000000000e00115e 78 00000000000000000e001160 82 00000000000000000f001155 82 00000000000000000e001158 84 00000000000000000f001141 86 00000000000000000e001156 83
1245886231.25 9 00000000000000000e001170 86 00000000000000000e001158 79 00000000000000000f001157 86 00000000000000000e001156 82 00000000000000000f001141 75 00000000000000000f00115d 85 00000000000000000e00115e 85 00000000000000000f001155 81 00000000000000000e001142 84
1245886231.44 6 00000000000000000e001142 87 00000000000000000f001157 90 00000000000000000e001170 80 00000000000000000e00115e 81 00000000000000000e001156 85 00000000000000000f001155 84
1245886231.62 10 00000000000000000e00115e 83 00000000000000000e001160 87 00000000000000000e001158 79 00000000000000000f001141 86 00000000000000000e001142 89 00000000000000000f001157 89 00000000000000000f00115d 80 00000000000000000f001155 81 00000000000000000e001156 79 00000000000000000e001170 76
1245886231.81 8 00000000000000000e001160 82 00000000000000000f001157 88 00000000000000000f00115d 80 00000000000000000e00115e 79 00000000000000000e001142 85 00000000000000000f001155 82 00000000000000000e001170 84 00000000000000000f001141 88
1245886231.99 7 00000000000000000e001160 86 00000000000000000f001155 85 00000000000000000f001157 88 00000000000000000e001170 80 00000000000000000e001142 87 00000000000000000f001141 86 00000000000000000e00115e 76
1245886232.17 9 00000000000000000f001141 88 00000000000000000e001158 80 00000000000000000e00115e 83 00000000000000000f001155 88 00000000000000000e001170 81 00000000000000000e001156 89 00000000000000000f001157 79 00000000000000000e001142 80 00000000000000000e001160 88
1245886232.36 9 00000000000000000e001160 86 00000000000000000f00115b 80 00000000000000000f001141 87 00000000000000000f001157 88 00000000000000000e00115e 77 00000000000000000e001142 88 00000000000000000f001155 89 00000000000000000e001170 83 00000000000000000e001158 77
1245886232.54 11 00000000000000000f00115f 77 00000000000000000f001141 87 00000000000000000e001170 84 00000000000000000f00115b 81 00000000000000000f001155 89 00000000000000000e001160 87 00000000000000000e001142 84 00000000000000000e00115e 84 00000000000000000f001157 87 00000000000000000e001158 83 00000000000000000e001156 88
1245886232.73 10 00000000000000000f001157 83 00000000000000000e001170 89 00000000000000000e001160 81 00000000000000000e001156 85 00000000000000000f001155 89 00000000000000000e001158 87 00000000000000000e00115e 88 00000000000000000f00115d 82 00000000000000000e001142 81 00000000000000000f001141 86
1245886232.92 11 00000000000000000f001155 91 00000000000000000e001158 81 00000000000000000f001157 87 00000000000000000e001160 79 00000000000000000e001156 84 00000000000000000f001141 81 00000000000000000e001170 81 00000000000000000e00115e 86 00000000000000000e001142 80 00000000000000000e001154 78 00000000000000000f00115d 82
1245886233.1 10 00000000000000000e001156 83 00000000000000000e001144 81 00000000000000000f001155 89 00000000000000000f001147 80 00000000000000000e001160 89 00000000000000000f001141 91 00000000000000000e001170 82 00000000000000000e001142 88 00000000000000000e00115e 80 00000000000000000f001157 81
1245886233.29 9 00000000000000000e00115e 85 00000000000000000f001141 88 00000000000000000e001170 81 00000000000000000e001160 87 00000000000000000f001155 87 00000000000000000e001148 78 00000000000000000e001156 83 00000000000000000e001158 78 00000000000000000e001142 83
1245886233.47 11 00000000000000000e001156 84 00000000000000000f001141 89 00000000000000000e001160 89 00000000000000000e001158 83 00000000000000000f00115b 80 00000000000000000e00115e 86 00000000000000000e001142 88 00000000000000000f00115f 79 00000000000000000f001147 78 00000000000000000e001170 80 00000000000000000f001155 81
1245886233.66 11 00000000000000000e001160 84 00000000000000000e001158 79 00000000000000000e001142 92 00000000000000000f001147 80 00000000000000000f001141 86 00000000000000000e00115e 81 00000000000000000f001155 81 00000000000000000e001170 81 00000000000000000e001156 83 00000000000000000e001148 79 00000000000000000e001144 79
1245886233.87 8 00000000000000000f001155 87 00000000000000000e001160 86 00000000000000000e001142 88 00000000000000000e00115e 82 00000000000000000f001141 88 00000000000000000e001156 80 00000000000000000f00115d 77 00000000000000000e001170 75
1245886234.05 8 00000000000000000f00115d 80 00000000000000000f001141 89 00000000000000000f001155 85 00000000000000000e001170 83 00000000000000000e001142 85 00000000000000000e001160 86 00000000000000000e001158 79 00000000000000000e00115e 85
1245886234.23 8 00000000000000000e001142 89 00000000000000000e00115e 83 00000000000000000e001170 83 00000000000000000f00115f 81 00000000000000000e001160 91 00000000000000000f001141 93 00000000000000000e001158 81 00000000000000000f001155 88
1245886234.42 9 00000000000000000e001142 92 00000000000000000e001160 76 00000000000000000f001155 86 00000000000000000e001170 80 00000000000000000e00115e 84 00000000000000000e001158 79 00000000000000000e001144 79 00000000000000000e001154 80 00000000000000000f001141 89
1245886234.6 7 00000000000000000e00115e 83 00000000000000000f001155 82 00000000000000000e001170 82 00000000000000000e001160 78 00000000000000000e001144 81 00000000000000000f001141 91 00000000000000000e001142 89
1245886234.79 7 00000000000000000e00115e 82 00000000000000000e001170 78 00000000000000000e001160 88 00000000000000000f001141 89 00000000000000000e001158 78 00000000000000000e001142 80 00000000000000000e001148 82
1245886234.97 10 00000000000000000e001170 76 00000000000000000e001160 83 00000000000000000f001155 85 00000000000000000e001142 88 00000000000000000e001158 74 00000000000000000e00115e 82 00000000000000000f001141 83 00000000000000000f001149 80 00000000000000000f00115b 76 00000000000000000e001148 82
1245886235.16 10 00000000000000000f001141 82 00000000000000000e001142 88 00000000000000000f001145 78 00000000000000000f001155 85 00000000000000000e001170 83 00000000000000000e001160 82 00000000000000000f001149 79 00000000000000000f00115f 80 00000000000000000e001148 81 00000000000000000f001143 81
1245886235.36 10 00000000000000000e001142 89 00000000000000000f001155 80 00000000000000000e001158 82 00000000000000000f001143 84 00000000000000000e00115e 81 00000000000000000e001160 79 00000000000000000e001148 86 00000000000000000e001170 86 00000000000000000f001141 82 00000000000000000f00115f 76
1245886235.55 10 00000000000000000e001158 83 00000000000000000e001148 86 00000000000000000e00115e 85 00000000000000000e001154 76 00000000000000000e001170 80 00000000000000000f001141 81 00000000000000000f00115b 77 00000000000000000e001160 78 00000000000000000e001142 90 00000000000000000f001143 88
1245886235.74 9 00000000000000000e001148 82 00000000000000000e001160 82 00000000000000000e001158 82 00000000000000000f001141 84 00000000000000000e001142 85 00000000000000000e00115e 87 00000000000000000f00115f 79 00000000000000000f001155 80 00000000000000000e001170 79
1245886235.94 9 00000000000000000e001158 77 00000000000000000f001141 83 00000000000000000e001142 90 00000000000000000e00115e 80 00000000000000000e001160 83 00000000000000000e001170 83 00000000000000000e001148 80 00000000000000000f001155 82 00000000000000000f001145 80
1245886236.12 10 00000000000000000e001170 81 00000000000000000e001142 92 00000000000000000e001160 83 00000000000000000e00115e 81 00000000000000000f001141 84 00000000000000000f001145 83 00000000000000000e001158 80 00000000000000000f00115f 78 00000000000000000e001148 85 00000000000000000f00115b 76
1245886236.31 9 00000000000000000e001142 94 00000000000000000f001145 82 00000000000000000e001158 81 00000000000000000e00115e 83 00000000000000000e001170 82 00000000000000000e001160 76 00000000000000000f00115b 80 00000000000000000e001148 80 00000000000000000f001141 76
1245886236.49 10 00000000000000000e001170 79 00000000000000000e001142 90 00000000000000000e001160 85 00000000000000000f001141 83 00000000000000000e00115e 82 00000000000000000e001158 81 00000000000000000f00115b 81 00000000000000000f001145 80 00000000000000000e001144 79 00000000000000000e001148 82
1245886236.68 10 00000000000000000f001141 82 00000000000000000e001158 80 00000000000000000f00115f 79 00000000000000000e00115e 82 00000000000000000e001142 83 00000000000000000e001144 80 00000000000000000e001148 79 00000000000000000f001149 81 00000000000000000e001160 79 00000000000000000f001145 76
1245886236.86 9 00000000000000000e001160 87 00000000000000000e001158 82 00000000000000000f001141 89 00000000000000000e001142 84 00000000000000000e001144 81 00000000000000000e00115e 82 00000000000000000e001170 81 00000000000000000f001145 80 00000000000000000f001149 80
1245886237.05 8 00000000000000000f001149 82 00000000000000000e001158 77 00000000000000000e001170 85 00000000000000000f001141 84 00000000000000000e00115e 86 00000000000000000e001142 88 00000000000000000e001160 80 00000000000000000e001144 81
1245886237.25 10 00000000000000000e001158 77 00000000000000000f001141 80 00000000000000000e001142 88 00000000000000000e00115e 83 00000000000000000e001148 79 00000000000000000e001160 77 00000000000000000e001144 83 00000000000000000e001170 82 00000000000000000f001149 83 00000000000000000f001155 81
1245886237.44 9 00000000000000000f00115f 78 00000000000000000f001141 85 00000000000000000e001142 89 00000000000000000e001160 83 00000000000000000e001148 77 00000000000000000e001170 82 00000000000000000f001149 82 00000000000000000e001144 83 00000000000000000f00115b 80
1245886237.62 8 00000000000000000e001148 80 00000000000000000e001160 84 00000000000000000e001144 83 00000000000000000f001141 84 00000000000000000e001170 77 00000000000000000f00115b 82 00000000000000000e001158 81 00000000000000000e00115e 83
1245886237.8 9 00000000000000000e00115e 81 00000000000000000e001160 86 00000000000000000f001141 87 00000000000000000e001148 80 00000000000000000f001149 79 00000000000000000e001170 79 00000000000000000e001144 85 00000000000000000f001155 80 00000000000000000e001142 86
1245886237.99 8 00000000000000000e001160 82 00000000000000000f001141 83 00000000000000000e00115e 83 00000000000000000e001144 80 00000000000000000e001158 82 00000000000000000e001170 78 00000000000000000e001148 84 00000000000000000f001145 81
1245886238.19 10 00000000000000000f001141 84 00000000000000000f001145 82 00000000000000000e001160 81 00000000000000000e001144 85 00000000000000000e001170 82 00000000000000000f00114b 80 00000000000000000e001148 79 00000000000000000e00115e 81 00000000000000000f001147 77 00000000000000000e001158 79
1245886238.37 7 00000000000000000e001148 82 00000000000000000f001141 84 00000000000000000e001144 81 00000000000000000e001170 78 00000000000000000e001160 85 00000000000000000e00115e 83 00000000000000000e001158 76
1245886238.56 10 00000000000000000e001160 84 00000000000000000e001144 84 00000000000000000e001148 85 00000000000000000e001158 83 00000000000000000e001170 80 00000000000000000f001147 84 00000000000000000e00115e 83 00000000000000000f001141 87 00000000000000000f00115f 76 00000000000000000f00114b 77
1245886238.75 9 00000000000000000e001170 81 00000000000000000e001144 88 00000000000000000e00115e 84 00000000000000000f001147 82 00000000000000000f001141 83 00000000000000000e001158 82 00000000000000000e001160 81 00000000000000000f00114b 83 00000000000000000f001143 81
1245886238.93 10 00000000000000000f001141 83 00000000000000000e001160 77 00000000000000000f001143 85 00000000000000000f001147 77 00000000000000000f00114b 79 00000000000000000e00115e 78 00000000000000000e001158 77 00000000000000000e001142 84 00000000000000000e001170 84 00000000000000000e001144 85
1245886239.12 10 00000000000000000f001141 82 00000000000000000e001160 82 00000000000000000e00115e 82 00000000000000000e001142 82 00000000000000000f00115f 81 00000000000000000e001170 78 00000000000000000f001149 80 00000000000000000f001143 80 00000000000000000e001144 82 00000000000000000f00114b 76
1245886239.3 10 00000000000000000f001141 87 00000000000000000e001144 84 00000000000000000f001147 84 00000000000000000f00115b 80 00000000000000000e00115e 81 00000000000000000f001149 83 00000000000000000e001160 87 00000000000000000e001158 80 00000000000000000f00114b 80 00000000000000000e001170 77
1245886239.49 11 00000000000000000e001148 82 00000000000000000e001160 85 00000000000000000f001141 86 00000000000000000f001149 82 00000000000000000e001158 82 00000000000000000f001145 78 00000000000000000e00115e 85 00000000000000000e001170 81 00000000000000000f00115b 79 00000000000000000e001144 78 00000000000000000f00115f 75
1245886239.69 8 00000000000000000e001160 83 00000000000000000f001141 86 00000000000000000f001149 85 00000000000000000e001144 84 00000000000000000e001158 78 00000000000000000e00115e 82 00000000000000000e001170 82 00000000000000000e001148 81
1245886239.87 10 00000000000000000e001160 86 00000000000000000f001141 86 00000000000000000e00115e 81 00000000000000000e001170 83 00000000000000000f001149 84 00000000000000000e001144 82 00000000000000000e001148 80 00000000000000000f00115f 77 00000000000000000e001158 76 00000000000000000f00114b 81
1245886240.06 8 00000000000000000e001170 83 00000000000000000e001144 80 00000000000000000f001149 83 00000000000000000e001148 81 00000000000000000f001141 89 00000000000000000f001147 83 00000000000000000e001160 85 00000000000000000e001154 73
1245886240.25 9 00000000000000000e001160 83 00000000000000000f001141 86 00000000000000000e001144 83 00000000000000000e001158 83 00000000000000000f001145 78 00000000000000000e001148 82 00000000000000000e001170 84 00000000000000000e00115e 87 00000000000000000f001147 84
1245886240.43 8 00000000000000000e001144 88 00000000000000000e001158 77 00000000000000000e001170 82 00000000000000000e00115e 85 00000000000000000e001160 77 00000000000000000e001148 77 00000000000000000f001141 90 00000000000000000f00114b 80
1245886240.62 9 00000000000000000f001141 90 00000000000000000e001160 88 00000000000000000e001158 77 00000000000000000e001144 86 00000000000000000e001154 73 00000000000000000e001170 83 00000000000000000f001149 82 00000000000000000f001147 80 00000000000000000e00115e 85
1245886240.8 9 00000000000000000e001144 87 00000000000000000e001160 84 00000000000000000f001147 78 00000000000000000f001149 83 00000000000000000f001141 84 00000000000000000f00115b 77 00000000000000000e00115e 84 00000000000000000e001158 81 00000000000000000e001170 83
1245886240.98 8 00000000000000000f001149 84 00000000000000000e001158 77 00000000000000000f001141 88 00000000000000000e001160 85 00000000000000000e001144 81 00000000000000000e001170 79 00000000000000000e00115e 81 00000000000000000f00115b 82
1245886241.17 9 00000000000000000e00115e 86 00000000000000000e001144 81 00000000000000000f001149 87 00000000000000000e001160 88 00000000000000000e001158 83 00000000000000000f001141 88 00000000000000000f001145 82 00000000000000000e001170 80 00000000000000000e001154 77
1245886241.37 9 00000000000000000e00115e 80 00000000000000000f001141 89 00000000000000000e001170 76 00000000000000000f001145 77 00000000000000000e001160 87 00000000000000000f001149 88 00000000000000000e001148 83 00000000000000000e001144 77 00000000000000000f00115b 75
1245886241.55 9 00000000000000000e001158 80 00000000000000000e00115e 85 00000000000000000e001148 87 00000000000000000f001141 83 00000000000000000e001160 81 00000000000000000e001170 77 00000000000000000f001149 88 00000000000000000f00114b 80 00000000000000000f001145 80
1245886241.74 8 00000000000000000e001160 82 00000000000000000f001141 85 00000000000000000e001148 85 00000000000000000e001170 78 00000000000000000e001158 81 00000000000000000f001149 83 00000000000000000f001145 83 00000000000000000e00115e 81
1245886241.92 9 00000000000000000e001148 84 00000000000000000e001170 80 00000000000000000e00115e 83 00000000000000000f001141 86 00000000000000000e001160 88 00000000000000000e001158 81 00000000000000000f00115b 75 00000000000000000e001144 79 00000000000000000f001145 80
1245886242.1 10 00000000000000000e001160 84 00000000000000000f001141 89 00000000000000000e001148 78 00000000000000000e001158 81 00000000000000000e001170 76 00000000000000000e00115e 80 00000000000000000f001145 82 00000000000000000e001154 76 00000000000000000f00115f 76 00000000000000000f00115b 79
1245886242.31 9 00000000000000000e00115e 87 00000000000000000e001144 79 00000000000000000f001149 83 00000000000000000e001148 77 00000000000000000f001141 83 00000000000000000e001158 81 00000000000000000e001170 83 00000000000000000e001160 85 00000000000000000f00115f 79
1245886242.49 10 00000000000000000e001160 87 00000000000000000e001148 82 00000000000000000f001141 89 00000000000000000e00115e 80 00000000000000000f001147 87 00000000000000000f001149 86 00000000000000000e001170 80 00000000000000000f00115f 80 00000000000000000e001154 80 00000000000000000e001158 81
1245886242.68 8 00000000000000000e001148 88 00000000000000000f001141 89 00000000000000000e001160 89 00000000000000000f001149 86 00000000000000000e00115e 79 00000000000000000e001158 79 00000000000000000f00114b 79 00000000000000000e001170 82
1245886242.88 9 00000000000000000e00115e 82 00000000000000000f001149 83 00000000000000000e001160 83 00000000000000000f00114b 83 00000000000000000e001144 83 00000000000000000f001147 85 00000000000000000f001141 85 00000000000000000f00115b 78 00000000000000000e001148 76
1245886243.06 9 00000000000000000e001148 89 00000000000000000f001149 91 00000000000000000f00114b 83 00000000000000000e001158 80 00000000000000000e00115e 84 00000000000000000e001170 82 00000000000000000e001160 80 00000000000000000f001141 78 00000000000000000f00115f 74
1245886243.25 8 00000000000000000f001149 90 00000000000000000f00114b 86 00000000000000000e001148 88 00000000000000000f001141 90 00000000000000000e001160 87 00000000000000000e001170 82 00000000000000000e001158 82 00000000000000000e00115e 84
1245886243.43 9 00000000000000000f001141 90 00000000000000000f001149 88 00000000000000000e001160 89 00000000000000000e001158 84 00000000000000000e001170 75 00000000000000000e00115e 83 00000000000000000f001147 81 00000000000000000e001148 79 00000000000000000f00115f 80
1245886243.61 9 00000000000000000e001148 87 00000000000000000e00115e 83 00000000000000000e001160 85 00000000000000000f001141 88 00000000000000000f001149 90 00000000000000000f001147 84 00000000000000000e001170 77 00000000000000000f00114b 89 00000000000000000e001158 81
1245886243.8 9 00000000000000000f001141 91 00000000000000000e00115e 82 00000000000000000e001158 85 00000000000000000f001149 83 00000000000000000e001170 78 00000000000000000e001148 83 00000000000000000f001147 79 00000000000000000e001160 84 00000000000000000f00114b 84
1245886243.98 9 00000000000000000e001148 82 00000000000000000e001158 80 00000000000000000e001160 76 00000000000000000e001170 82 00000000000000000e00115e 85 00000000000000000e001154 76 00000000000000000f001141 82 00000000000000000f001147 77 00000000000000000f001149 78
1245886244.17 9 00000000000000000e001160 82 00000000000000000e00115e 80 00000000000000000e001148 84 00000000000000000f001147 81 00000000000000000e001158 77 00000000000000000e001170 82 00000000000000000f001141 82 00000000000000000f00114b 84 00000000000000000f00115b 79
1245886244.35 10 00000000000000000e001148 89 00000000000000000f001141 84 00000000000000000f001147 80 00000000000000000e001170 80 00000000000000000e00115e 84 00000000000000000f00114b 81 00000000000000000e001160 86 00000000000000000e001158 78 00000000000000000f001149 79 00000000000000000f00115f 77
1245886244.54 9 00000000000000000f00115f 77 00000000000000000e001158 81 00000000000000000f001141 88 00000000000000000e001148 83 00000000000000000f001149 92 00000000000000000e001160 88 00000000000000000e00115e 86 00000000000000000e001170 74 00000000000000000f001147 81
1245886244.72 8 00000000000000000e001160 84 00000000000000000e001148 80 00000000000000000e00115e 83 00000000000000000f001141 86 00000000000000000f001149 88 00000000000000000e001170 77 00000000000000000f001147 80 00000000000000000e001158 80
1245886244.91 11 00000000000000000f001147 82 00000000000000000e001170 78 00000000000000000e001148 84 00000000000000000e001160 85 00000000000000000f001141 87 00000000000000000e001158 86 00000000000000000e00115e 87 00000000000000000f00114b 80 00000000000000000f001149 77 00000000000000000f001145 77 00000000000000000f00115b 79
1245886245.09 10 00000000000000000f001149 94 00000000000000000f001147 78 00000000000000000e00115e 81 00000000000000000e001154 77 00000000000000000f001141 86 00000000000000000e001170 82 00000000000000000e001148 81 00000000000000000e001158 78 00000000000000000f001145 82 00000000000000000f00115b 76
1245886245.28 10 00000000000000000e001170 82 00000000000000000f001149 92 00000000000000000e001148 91 00000000000000000f001147 88 00000000000000000f001141 88 00000000000000000f00114b 83 00000000000000000f00115f 82 00000000000000000e001160 88 00000000000000000f001145 77 00000000000000000e001154 77
1245886245.47 11 00000000000000000f001147 90 00000000000000000e001170 82 00000000000000000f001149 93 00000000000000000f00114b 83 00000000000000000e001160 88 00000000000000000e001148 88 00000000000000000f001141 88 00000000000000000f00115b 82 00000000000000000e001154 80 00000000000000000e001158 80 00000000000000000e00115e 84
1245886245.66 10 00000000000000000e001148 89 00000000000000000f001147 92 00000000000000000e001170 86 00000000000000000e001158 84 00000000000000000f00115b 84 00000000000000000f001149 94 00000000000000000e00115e 85 00000000000000000f00114b 88 00000000000000000e001160 83 00000000000000000f001141 81
1245886245.85 10 00000000000000000e001170 85 00000000000000000f001149 89 00000000000000000e001148 88 00000000000000000f001147 89 00000000000000000f001141 85 00000000000000000e001158 81 00000000000000000e001160 87 00000000000000000f00114b 84 00000000000000000e00115e 84 00000000000000000f00115f 78
1245886246.03 9 00000000000000000f001141 83 00000000000000000f001147 88 00000000000000000f001149 82 00000000000000000f00114b 81 00000000000000000e00115e 83 00000000000000000e001160 84 00000000000000000e001148 89 00000000000000000e001170 85 00000000000000000e001158 75
1245886246.22 9 00000000000000000e001160 83 00000000000000000e00115e 87 00000000000000000e001148 90 00000000000000000f001141 85 00000000000000000f00114b 80 00000000000000000f001149 85 00000000000000000f001147 85 00000000000000000e001158 82 00000000000000000e001170 83
1245886246.4 10 00000000000000000f001141 87 00000000000000000f00115f 78 00000000000000000e001160 84 00000000000000000e001158 80 00000000000000000e00115e 85 00000000000000000f00114b 81 00000000000000000e001148 89 00000000000000000e001170 83 00000000000000000f001149 82 00000000000000000f00115b 80
1245886246.59 9 00000000000000000e001148 91 00000000000000000f001149 85 00000000000000000e00115e 80 00000000000000000f00114b 87 00000000000000000e001160 84 00000000000000000f001141 85 00000000000000000e001170 78 00000000000000000e001158 81 00000000000000000f00115f 75
1245886246.77 10 00000000000000000f00115b 83 00000000000000000e001158 80 00000000000000000f00114b 81 00000000000000000e001148 87 00000000000000000f001141 80 00000000000000000e001170 82 00000000000000000f001149 83 00000000000000000e00115e 81 00000000000000000e001160 81 00000000000000000f00115f 81
1245886246.98 9 00000000000000000e001160 87 00000000000000000e001158 78 00000000000000000e001170 85 00000000000000000e001148 93 00000000000000000f001149 90 00000000000000000f001141 86 00000000000000000f00114b 86 00000000000000000e00115e 86 00000000000000000f00115b 77
1245886247.16 8 00000000000000000f001149 91 00000000000000000e001160 83 00000000000000000e001148 95 00000000000000000f00115b 78 00000000000000000f00114b 86 00000000000000000e00115e 84 00000000000000000e001170 80 00000000000000000f00115f 80
1245886247.34 6 00000000000000000e00115e 81 00000000000000000f00114b 85 00000000000000000f001149 84 00000000000000000e001170 79 00000000000000000e001148 78 00000000000000000f001141 83
1245886247.53 9 00000000000000000e00115e 80 00000000000000000f001149 97 00000000000000000e001148 89 00000000000000000f001141 86 00000000000000000e001160 83 00000000000000000e001158 82 00000000000000000f00114b 88 00000000000000000e001170 81 00000000000000000f00115f 79
1245886247.71 10 00000000000000000f001149 90 00000000000000000f001147 81 00000000000000000e001158 84 00000000000000000e001148 83 00000000000000000f001141 78 00000000000000000e001170 83 00000000000000000f00114b 85 00000000000000000e00115e 86 00000000000000000e001154 77 00000000000000000e001160 81
1245886247.9 9 00000000000000000f001149 97 00000000000000000f001141 85 00000000000000000f00114b 88 00000000000000000e001160 82 00000000000000000e00115e 87 00000000000000000e001158 83 00000000000000000e001154 81 00000000000000000e001148 81 00000000000000000f00115b 80
1245886248.08 10 00000000000000000e00115e 87 00000000000000000f00115b 85 00000000000000000f001149 86 00000000000000000f00114b 85 00000000000000000e001170 78 00000000000000000f001147 79 00000000000000000e001158 81 00000000000000000e001148 80 00000000000000000e001160 82 00000000000000000f00115f 76
1245886248.27 9 00000000000000000f001149 96 00000000000000000f001141 89 00000000000000000f00114b 89 00000000000000000f00115b 81 00000000000000000e001170 86 00000000000000000e001160 87 00000000000000000e001158 80 00000000000000000f00115f 81 00000000000000000e00115e 81
1245886248.45 11 00000000000000000e001160 88 00000000000000000f001149 99 00000000000000000f00114b 89 00000000000000000e001170 90 00000000000000000f001141 91 00000000000000000e001158 83 00000000000000000e00115e 82 00000000000000000f00115f 80 00000000000000000e001148 80 00000000000000000f00115b 80 00000000000000000e001154 76
1245886248.64 8 00000000000000000f00114b 88 00000000000000000e00115e 82 00000000000000000f001141 89 00000000000000000f001149 88 00000000000000000e001158 80 00000000000000000e001170 86 00000000000000000e001160 84 00000000000000000e001148 80
1245886248.82 8 00000000000000000f001149 99 00000000000000000e001160 88 00000000000000000e001170 80 00000000000000000e00115e 79 00000000000000000f001141 90 00000000000000000f00114b 93 00000000000000000e001158 80 00000000000000000e001148 79
1245886249.01 9 00000000000000000f001149 97 00000000000000000f00114b 92 00000000000000000e001160 86 00000000000000000f001141 87 00000000000000000e001170 83 00000000000000000e00115e 84 00000000000000000e001158 81 00000000000000000e001148 86 00000000000000000e001154 80
1245886249.19 10 00000000000000000e001160 84 00000000000000000e001158 86 00000000000000000f001149 95 00000000000000000e001148 87 00000000000000000f00114b 84 00000000000000000e001170 82 00000000000000000f001141 83 00000000000000000e00115e 84 00000000000000000f001147 82 00000000000000000f00115b 80
1245886249.38 9 00000000000000000e001158 82 00000000000000000f001149 94 00000000000000000f001141 88 00000000000000000e001154 75 00000000000000000e001160 83 00000000000000000f00114b 82 00000000000000000e00115e 83 00000000000000000e001148 80 00000000000000000f00115b 80
1245886249.56 9 00000000000000000f001149 95 00000000000000000f00115b 83 00000000000000000e00115e 88 00000000000000000f00114b 86 00000000000000000e001160 83 00000000000000000f001141 87 00000000000000000e001158 86 00000000000000000e001170 79 00000000000000000e001148 82
1245886249.75 7 00000000000000000e001160 85 00000000000000000f001149 100 00000000000000000e001148 88 00000000000000000f001141 88 00000000000000000f00114b 89 00000000000000000e001170 78 00000000000000000e00115e 78
1245886249.93 7 00000000000000000e001160 84 00000000000000000f001149 98 00000000000000000f00114b 90 00000000000000000e00115e 77 00000000000000000f001141 87 00000000000000000e001158 79 00000000000000000e001148 84
1245886250.12 9 00000000000000000f001149 101 00000000000000000e001158 80 00000000000000000e001160 88 00000000000000000e001154 74 00000000000000000e001170 77 00000000000000000e001148 78 00000000000000000e00115e 83 00000000000000000f001141 90 00000000000000000f00114b 89
1245886250.32 7 00000000000000000f00114b 89 00000000000000000f001149 95 00000000000000000e00115e 85 00000000000000000f00115b 79 00000000000000000f00115f 78 00000000000000000f001141 84 00000000000000000e001160 82
1245886250.5 8 00000000000000000e001160 88 00000000000000000e001170 82 00000000000000000e001158 78 00000000000000000f001141 90 00000000000000000e00115e 82 00000000000000000f00114b 90 00000000000000000f001149 87 00000000000000000f00115b 77
1245886250.68 8 00000000000000000e00115e 90 00000000000000000e001158 89 00000000000000000e001160 89 00000000000000000f00114b 92 00000000000000000f001141 91 00000000000000000f001149 81 00000000000000000e001170 86 00000000000000000f00115f 84
1245886250.87 8 00000000000000000f001141 81 00000000000000000f001149 86 00000000000000000f00114b 92 00000000000000000e001154 80 00000000000000000e001170 82 00000000000000000e001160 80 00000000000000000f00115b 76 00000000000000000f00115f 81
1245886251.05 10 00000000000000000f00114b 93 00000000000000000e001170 81 00000000000000000e00115e 83 00000000000000000f001149 82 00000000000000000f001141 83 00000000000000000f00115b 87 00000000000000000e001160 81 00000000000000000e001158 80 00000000000000000e001154 81 00000000000000000f00115f 79
1245886251.24 10 00000000000000000f00114b 93 00000000000000000f001141 91 00000000000000000e001160 89 00000000000000000e001170 84 00000000000000000e00115e 86 00000000000000000f00115f 82 00000000000000000e001158 85 00000000000000000f001149 85 00000000000000000e001148 77 00000000000000000e00114a 79
1245886251.43 11 00000000000000000e001160 89 00000000000000000f00115f 81 00000000000000000f001149 90 00000000000000000e001158 84 00000000000000000e001170 85 00000000000000000f001141 91 00000000000000000f00114b 95 00000000000000000f00115b 78 00000000000000000e001148 78 00000000000000000e00115e 82 00000000000000000e001154 81
1245886251.63 9 00000000000000000e001160 90 00000000000000000f001141 90 00000000000000000f00114b 93 00000000000000000e001158 80 00000000000000000e00115e 84 00000000000000000f001149 83 00000000000000000e001170 82 00000000000000000e00114a 79 00000000000000000f00115f 76
1245886251.82 9 00000000000000000f00114b 91 00000000000000000e001158 81 00000000000000000e001170 81 00000000000000000e001160 86 00000000000000000f001141 87 00000000000000000e00115e 81 00000000000000000f00115f 77 00000000000000000f001149 81 00000000000000000e00114a 80
1245886252.0 7 00000000000000000e001170 84 00000000000000000f00114b 96 00000000000000000f00115b 80 00000000000000000e001158 77 00000000000000000f001141 81 00000000000000000e001160 80 00000000000000000e00115e 80
1245886252.18 9 00000000000000000e00115e 88 00000000000000000e001170 84 00000000000000000f001141 84 00000000000000000f00114b 90 00000000000000000e001160 84 00000000000000000e001158 85 00000000000000000f001149 80 00000000000000000f00115b 79 00000000000000000e00114a 80
1245886252.37 8 00000000000000000e001160 87 00000000000000000e00115e 85 00000000000000000f00114b 92 00000000000000000e001158 84 00000000000000000f001141 87 00000000000000000e001154 79 00000000000000000e001170 77 00000000000000000f00115f 78
1245886252.55 7 00000000000000000e001160 82 00000000000000000f001141 84 00000000000000000f00114b 97 00000000000000000f001149 82 00000000000000000e001170 84 00000000000000000e001158 80 00000000000000000e00115e 83
1245886252.74 9 00000000000000000e001158 85 00000000000000000e001170 83 00000000000000000e00115e 86 00000000000000000f00114b 88 00000000000000000e001160 83 00000000000000000e00114e 81 00000000000000000f001149 81 00000000000000000f001141 82 00000000000000000f00115b 79
1245886252.92 8 00000000000000000f00114b 91 00000000000000000e001158 79 00000000000000000e001170 78 00000000000000000e001154 80 00000000000000000e001160 80 00000000000000000f001149 82 00000000000000000f001141 80 00000000000000000e00114e 81
1245886253.1 9 00000000000000000f00114b 88 00000000000000000e001160 89 00000000000000000e001158 81 00000000000000000e001170 90 00000000000000000f001141 90 00000000000000000f00115b 84 00000000000000000e00115e 82 00000000000000000f001149 80 00000000000000000e001154 80
1245886253.29 6 00000000000000000e001170 85 00000000000000000f001141 88 00000000000000000e001160 89 00000000000000000e001154 84 00000000000000000e001158 83 00000000000000000e00115e 85
1245886253.47 6 00000000000000000e001160 84 00000000000000000e00115e 86 00000000000000000e001170 82 00000000000000000f00114b 84 00000000000000000e001158 84 00000000000000000f001141 81
1245886253.65 6 00000000000000000e001160 91 00000000000000000e001170 81 00000000000000000f001141 92 00000000000000000f00114b 81 00000000000000000e00115e 82 00000000000000000e001158 79
1245886253.84 8 00000000000000000e001160 86 00000000000000000e00115e 86 00000000000000000f00114b 83 00000000000000000f001141 89 00000000000000000e001154 80 00000000000000000e001158 79 00000000000000000e001170 81 00000000000000000f00115b 82
1245886254.04 5 00000000000000000f001141 91 00000000000000000e001158 80 00000000000000000e001170 83 00000000000000000e001160 90 00000000000000000f00114b 85
1245886254.24 6 00000000000000000e001160 87 00000000000000000e00115e 85 00000000000000000f001141 85 00000000000000000e001170 83 00000000000000000f00114d 80 00000000000000000e001158 84
1245886254.42 7 00000000000000000f001141 89 00000000000000000e001160 88 00000000000000000f00114d 82 00000000000000000e001170 80 00000000000000000e001154 80 00000000000000000e00115e 81 00000000000000000e001158 82
1245886254.6 7 00000000000000000e00115e 85 00000000000000000f00114d 81 00000000000000000e001160 75 00000000000000000f00114b 85 00000000000000000e001158 84 00000000000000000e001170 81 00000000000000000f001141 87
1245886254.79 6 00000000000000000e001160 90 00000000000000000f001141 90 00000000000000000f00114b 89 00000000000000000e00115e 83 00000000000000000e001158 84 00000000000000000e001154 84
1245886254.97 9 00000000000000000e001170 82 00000000000000000f001141 80 00000000000000000f00114b 85 00000000000000000e00115e 86 00000000000000000e001158 80 00000000000000000e001154 80 00000000000000000e001160 80 00000000000000000f00115f 82 00000000000000000f00114d 80
1245886255.16 9 00000000000000000f001141 89 00000000000000000f00114d 82 00000000000000000e001170 82 00000000000000000e00115e 78 00000000000000000f00115f 78 00000000000000000f00114b 83 00000000000000000e001160 81 00000000000000000e00114e 81 00000000000000000e001158 79
1245886255.36 10 00000000000000000e00115e 83 00000000000000000f001141 89 00000000000000000e001160 88 00000000000000000e00114e 78 00000000000000000e001158 77 00000000000000000f00114b 81 00000000000000000e001154 80 00000000000000000f00115b 78 00000000000000000e001170 76 00000000000000000f00114d 85
1245886255.54 9 00000000000000000e001160 81 00000000000000000e001158 82 00000000000000000e00115e 87 00000000000000000e00114e 81 00000000000000000e001170 78 00000000000000000f00114d 82 00000000000000000f001141 86 00000000000000000f00114b 83 00000000000000000f001151 81
1245886255.73 4 00000000000000000f001141 90 00000000000000000e001160 89 00000000000000000f00114d 84 00000000000000000e001158 80
1245886255.91 8 00000000000000000e00115e 87 00000000000000000f001141 85 00000000000000000e001160 84 00000000000000000e001158 83 00000000000000000e001170 81 00000000000000000f001151 81 00000000000000000e001150 80 00000000000000000f00114d 80
1245886256.09 8 00000000000000000f001141 84 00000000000000000e00114a 81 00000000000000000e001160 82 00000000000000000f001151 80 00000000000000000e00115e 84 00000000000000000e001158 81 00000000000000000e001170 83 00000000000000000e00114e 81
1245886256.28 7 00000000000000000e001170 81 00000000000000000e001160 79 00000000000000000e00115e 84 00000000000000000e001158 82 00000000000000000e00114e 81 00000000000000000f001141 81 00000000000000000f00115b 80
1245886256.48 9 00000000000000000e001160 83 00000000000000000f001141 83 00000000000000000e001170 80 00000000000000000f00115b 81 00000000000000000e001158 82 00000000000000000e00115e 85 00000000000000000e00114e 84 00000000000000000e00114a 81 00000000000000000f001151 81
1245886256.66 8 00000000000000000e00114e 84 00000000000000000e00115e 85 00000000000000000e001170 78 00000000000000000e001158 80 00000000000000000e00114a 80 00000000000000000e001160 81 00000000000000000f001151 81 00000000000000000f001141 83
1245886256.85 6 00000000000000000f001141 88 00000000000000000e001160 84 00000000000000000e001158 83 00000000000000000e00114e 85 00000000000000000e001170 82 00000000000000000e00115e 86
1245886257.05 7 00000000000000000e001160 84 00000000000000000f001141 84 00000000000000000e00114e 85 00000000000000000f001151 82 00000000000000000e001170 80 00000000000000000e001158 76 00000000000000000e00115e 81
1245886257.23 9 00000000000000000e00114e 88 00000000000000000e00115e 82 00000000000000000e00114a 81 00000000000000000f001151 80 00000000000000000e001170 78 00000000000000000e001160 81 00000000000000000e001158 81 00000000000000000f00115b 80 00000000000000000f001141 80
1245886257.41 7 00000000000000000e001158 84 00000000000000000e00114e 87 00000000000000000f00114f 80 00000000000000000f001141 81 00000000000000000e00115e 85 00000000000000000f00115b 80 00000000000000000e001160 78
1245886257.6 8 00000000000000000e00115e 84 00000000000000000e00114e 90 00000000000000000f001141 88 00000000000000000e001160 88 00000000000000000f00115b 83 00000000000000000e001158 81 00000000000000000e00114a 80 00000000000000000f001151 83
1245886257.78 6 00000000000000000e00115e 85 00000000000000000e00114e 90 00000000000000000e001160 89 00000000000000000e00114a 85 00000000000000000f001141 92 00000000000000000e001158 84
1245886257.97 7 00000000000000000e00114e 88 00000000000000000e001160 82 00000000000000000f001141 84 00000000000000000f00114f 83 00000000000000000e00115e 84 00000000000000000e001158 85 00000000000000000e001170 80
1245886258.15 8 00000000000000000e001160 88 00000000000000000e001158 83 00000000000000000e00114e 91 00000000000000000f001141 91 00000000000000000e001170 74 00000000000000000e00115e 85 00000000000000000e00114a 84 00000000000000000f00114f 82
1245886258.33 8 00000000000000000e00114e 91 00000000000000000e00115e 84 00000000000000000e00114a 87 00000000000000000f001141 89 00000000000000000e001160 84 00000000000000000e001158 80 00000000000000000e00115c 81 00000000000000000e001170 79
1245886258.52 7 00000000000000000e00115e 84 00000000000000000e001158 86 00000000000000000e001160 86 00000000000000000e00114e 90 00000000000000000f001141 88 00000000000000000e001170 77 00000000000000000f00114f 81
1245886258.7 8 00000000000000000e00114e 90 00000000000000000e001158 85 00000000000000000e00115e 84 00000000000000000e001160 89 00000000000000000f001141 90 00000000000000000e001170 75 00000000000000000e00114a 86 00000000000000000e00115c 81
1245886258.88 10 00000000000000000e00115e 84 00000000000000000e00114e 84 00000000000000000e001170 78 00000000000000000e00114a 80 00000000000000000e001158 79 00000000000000000f001141 82 00000000000000000f001151 80 00000000000000000e001160 76 00000000000000000e001154 76 00000000000000000f00115f 75
1245886259.07 9 00000000000000000e00114e 87 00000000000000000e00114a 81 00000000000000000f001141 87 00000000000000000e00115e 83 00000000000000000f001151 79 00000000000000000e001160 80 00000000000000000e001158 77 00000000000000000f00115f 77 00000000000000000e001170 77
1245886259.27 7 00000000000000000e001170 80 00000000000000000e00115e 87 00000000000000000f00114f 84 00000000000000000e001158 84 00000000000000000f001141 82 00000000000000000e00114e 88 00000000000000000e001160 82
1245886259.45 8 00000000000000000e001160 86 00000000000000000f001141 89 00000000000000000e00114e 87 00000000000000000e001158 80 00000000000000000f001151 82 00000000000000000e00114a 84 00000000000000000e00115e 81 00000000000000000f00115b 83
1245886259.64 9 00000000000000000e001160 89 00000000000000000e00115e 83 00000000000000000e00114e 88 00000000000000000f001141 90 00000000000000000e00114a 84 00000000000000000f001151 81 00000000000000000f00114f 80 00000000000000000e001158 83 00000000000000000f00115b 84
1245886259.82 6 00000000000000000e00114e 89 00000000000000000e00115e 85 00000000000000000e001158 82 00000000000000000f00115b 86 00000000000000000e001160 81 00000000000000000f001141 82
1245886260.01 8 00000000000000000e00115e 82 00000000000000000f001141 87 00000000000000000e00114a 83 00000000000000000e001160 89 00000000000000000e00114e 88 00000000000000000f001151 84 00000000000000000f00115b 83 00000000000000000e001158 85
1245886260.21 7 00000000000000000e001160 89 00000000000000000e00114e 89 00000000000000000f001151 83 00000000000000000f001141 88 00000000000000000e00114a 83 00000000000000000e00115e 82 00000000000000000e001158 81
1245886260.39 8 00000000000000000e00114a 83 00000000000000000f001141 88 00000000000000000e00115e 82 00000000000000000e001160 88 00000000000000000f001151 83 00000000000000000e00114e 87 00000000000000000f00115b 82 00000000000000000e001158 80
1245886260.57 7 00000000000000000e00114e 89 00000000000000000e00115e 86 00000000000000000e001158 84 00000000000000000f001141 82 00000000000000000f00115b 81 00000000000000000e00114a 81 00000000000000000e001160 80
1245886260.76 8 00000000000000000f001141 85 00000000000000000e001160 88 00000000000000000e00115e 81 00000000000000000e001170 81 00000000000000000e001158 82 00000000000000000e00114e 86 00000000000000000f001151 81 00000000000000000e00114a 83
1245886260.94 6 00000000000000000e00115e 84 00000000000000000e00114e 88 00000000000000000e001160 80 00000000000000000f001141 82 00000000000000000e001158 79 00000000000000000f001151 83
1245886261.13 7 00000000000000000e001160 81 00000000000000000e00114e 90 00000000000000000f001141 81 00000000000000000f001151 80 00000000000000000e00114a 81 00000000000000000e00115e 86 00000000000000000e001158 81
1245886261.31 8 00000000000000000e00115e 87 00000000000000000e00114e 91 00000000000000000e001158 84 00000000000000000f00114f 80 00000000000000000f001141 81 00000000000000000e001160 81 00000000000000000e00114a 82 00000000000000000f001151 80
1245886261.49 7 00000000000000000f001151 83 00000000000000000e00114e 90 00000000000000000e00114a 81 00000000000000000f001141 85 00000000000000000e001160 86 00000000000000000e001158 81 00000000000000000e00115e 79
1245886261.68 7 00000000000000000f001151 79 00000000000000000e00114e 92 00000000000000000f001141 81 00000000000000000e00114a 82 00000000000000000e001160 81 00000000000000000e00115e 87 00000000000000000e001158 79
1245886261.86 7 00000000000000000e00114e 91 00000000000000000e00115e 85 00000000000000000e001158 84 00000000000000000f00114f 80 00000000000000000f001141 80 00000000000000000e001154 75 00000000000000000f00115b 78
1245886262.05 7 00000000000000000f001151 83 00000000000000000e001158 81 00000000000000000e00114e 91 00000000000000000f001141 84 00000000000000000e001160 87 00000000000000000e00114a 80 00000000000000000e00115e 78
1245886262.23 8 00000000000000000e00114e 90 00000000000000000f001141 86 00000000000000000f001151 83 00000000000000000e001160 87 00000000000000000e00115e 80 00000000000000000f00115b 78 00000000000000000e001158 79 00000000000000000e00114a 82
1245886262.43 8 00000000000000000e00114e 91 00000000000000000e00115e 85 00000000000000000e001160 79 00000000000000000f001141 82 00000000000000000e001158 83 00000000000000000e001154 76 00000000000000000f00114f 81 00000000000000000e001170 79
1245886262.61 6 00000000000000000f001141 83 00000000000000000e00115e 87 00000000000000000e00114e 92 00000000000000000e001158 81 00000000000000000f00114f 79 00000000000000000e00114a 81
1245886262.8 8 00000000000000000e00115e 86 00000000000000000e00114e 90 00000000000000000e001158 84 00000000000000000f00114f 81 00000000000000000f001141 81 00000000000000000e00114a 83 00000000000000000f001151 80 00000000000000000e001160 84
1245886262.98 7 00000000000000000e00115e 86 00000000000000000e00114e 91 00000000000000000f001141 81 00000000000000000e001160 80 00000000000000000f00115b 81 00000000000000000e001158 77 00000000000000000f00114f 80
