1245700278.62 0 
1245700278.68 0 
1245700278.76 0 
1245700278.83 0 
1245700278.9 0 
1245700278.97 0 
1245700279.05 0 
1245700279.13 0 
1245700279.21 0 
1245700279.27 0 
1245700279.33 0 
1245700279.4 0 
1245700279.46 0 
1245700279.53 0 
1245700279.59 0 
1245700279.65 0 
1245700279.72 0 
1245700279.78 0 
1245700279.85 0 
1245700279.91 0 
1245700279.98 0 
1245700280.04 0 
1245700280.1 0 
1245700280.17 0 
1245700280.23 0 
1245700280.3 0 
1245700280.36 0 
1245700280.42 0 
1245700280.49 0 
1245700280.55 0 
1245700280.61 0 
1245700280.68 0 
1245700280.74 0 
1245700280.81 0 
1245700280.87 0 
1245700280.93 0 
1245700281.0 0 
1245700281.06 0 
1245700281.13 0 
1245700281.19 0 
1245700281.25 0 
1245700281.32 0 
1245700281.38 0 
1245700281.45 0 
1245700281.51 0 
1245700281.57 0 
1245700281.64 0 
1245700281.7 0 
1245700281.77 0 
1245700281.83 0 
1245700281.89 0 
