1245700313.79 1  300833b2ddd9014035050000 91
1245700313.9 1  300833b2ddd9014035050000 92
1245700314.02 1  300833b2ddd9014035050000 92
1245700314.13 1  300833b2ddd9014035050000 91
1245700314.24 1  300833b2ddd9014035050000 92
1245700314.35 1  300833b2ddd9014035050000 92
1245700314.46 1  300833b2ddd9014035050000 90
1245700314.58 1  300833b2ddd9014035050000 92
1245700314.69 1  300833b2ddd9014035050000 92
1245700314.8 1  300833b2ddd9014035050000 92
1245700314.91 1  300833b2ddd9014035050000 91
1245700315.02 1  300833b2ddd9014035050000 93
1245700315.14 1  300833b2ddd9014035050000 93
1245700315.25 1  300833b2ddd9014035050000 90
1245700315.36 1  300833b2ddd9014035050000 91
1245700315.47 1  300833b2ddd9014035050000 93
1245700315.58 1  300833b2ddd9014035050000 91
1245700315.69 1  300833b2ddd9014035050000 92
1245700315.81 1  300833b2ddd9014035050000 93
1245700315.92 1  300833b2ddd9014035050000 91
1245700316.03 1  300833b2ddd9014035050000 91
1245700316.14 1  300833b2ddd9014035050000 92
1245700316.25 1  300833b2ddd9014035050000 92
1245700316.37 1  300833b2ddd9014035050000 91
1245700316.48 1  300833b2ddd9014035050000 93
1245700316.59 1  300833b2ddd9014035050000 91
1245700316.7 1  300833b2ddd9014035050000 92
1245700316.82 1  300833b2ddd9014035050000 89
1245700316.93 1  300833b2ddd9014035050000 92
1245700317.04 1  300833b2ddd9014035050000 92
1245700317.15 1  300833b2ddd9014035050000 92
1245700317.26 1  300833b2ddd9014035050000 92
1245700317.38 1  300833b2ddd9014035050000 90
1245700317.49 1  300833b2ddd9014035050000 92
1245700317.6 1  300833b2ddd9014035050000 93
1245700317.71 1  300833b2ddd9014035050000 92
1245700317.82 1  300833b2ddd9014035050000 91
1245700317.94 1  300833b2ddd9014035050000 93
1245700318.05 1  300833b2ddd9014035050000 93
1245700318.16 1  300833b2ddd9014035050000 91
