1245697439.96 1  300833b2ddd9014035050000 86
1245697440.07 1  300833b2ddd9014035050000 88
1245697440.18 1  300833b2ddd9014035050000 87
1245697440.29 1  300833b2ddd9014035050000 86
1245697440.41 1  300833b2ddd9014035050000 88
1245697440.51 1  300833b2ddd9014035050000 87
1245697440.63 1  300833b2ddd9014035050000 86
1245697440.74 1  300833b2ddd9014035050000 88
1245697440.85 1  300833b2ddd9014035050000 87
1245697440.96 1  300833b2ddd9014035050000 87
1245697441.07 1  300833b2ddd9014035050000 87
1245697441.19 1  300833b2ddd9014035050000 88
1245697441.3 1  300833b2ddd9014035050000 86
1245697441.41 1  300833b2ddd9014035050000 86
1245697441.52 1  300833b2ddd9014035050000 87
1245697441.63 1  300833b2ddd9014035050000 88
1245697441.75 1  300833b2ddd9014035050000 86
1245697441.86 1  300833b2ddd9014035050000 87
1245697441.97 1  300833b2ddd9014035050000 86
1245697442.08 1  300833b2ddd9014035050000 85
1245697442.19 1  300833b2ddd9014035050000 86
1245697442.31 1  300833b2ddd9014035050000 87
1245697442.42 1  300833b2ddd9014035050000 88
1245697442.53 1  300833b2ddd9014035050000 86
1245697442.64 1  300833b2ddd9014035050000 88
1245697442.75 1  300833b2ddd9014035050000 87
1245697442.87 1  300833b2ddd9014035050000 86
1245697442.98 1  300833b2ddd9014035050000 85
