1245699632.12 1  3005fb63ac1f3681ec880468 88
1245699632.23 1  3005fb63ac1f3681ec880468 89
1245699632.36 1  3005fb63ac1f3681ec880468 88
1245699632.47 1  3005fb63ac1f3681ec880468 88
1245699632.58 1  3005fb63ac1f3681ec880468 89
1245699632.69 1  3005fb63ac1f3681ec880468 89
1245699632.81 1  3005fb63ac1f3681ec880468 89
1245699632.92 1  3005fb63ac1f3681ec880468 89
1245699633.03 1  3005fb63ac1f3681ec880468 88
1245699633.14 1  3005fb63ac1f3681ec880468 87
1245699633.25 1  3005fb63ac1f3681ec880468 88
1245699633.37 1  3005fb63ac1f3681ec880468 88
