1245704115.04 1  300833b2ddd906c000000000 92
1245704115.15 1  300833b2ddd906c000000000 94
1245704115.26 1  300833b2ddd906c000000000 89
1245704115.37 1  300833b2ddd906c000000000 91
1245704115.48 1  300833b2ddd906c000000000 93
1245704115.6 1  300833b2ddd906c000000000 93
1245704115.71 1  300833b2ddd906c000000000 89
1245704115.82 1  300833b2ddd906c000000000 94
1245704115.93 1  300833b2ddd906c000000000 91
1245704116.04 1  300833b2ddd906c000000000 96
1245704116.16 1  300833b2ddd906c000000000 92
1245704116.27 1  300833b2ddd906c000000000 96
1245704116.38 1  300833b2ddd906c000000000 95
1245704116.49 1  300833b2ddd906c000000000 89
1245704116.6 1  300833b2ddd906c000000000 94
1245704116.72 1  300833b2ddd906c000000000 91
1245704116.83 1  300833b2ddd906c000000000 88
1245704116.94 1  300833b2ddd906c000000000 93
1245704117.05 1  300833b2ddd906c000000000 97
1245704117.16 1  300833b2ddd906c000000000 85
1245704117.27 1  300833b2ddd906c000000000 95
1245704117.39 1  300833b2ddd906c000000000 91
1245704117.5 1  300833b2ddd906c000000000 91
1245704117.61 1  300833b2ddd906c000000000 85
1245704117.72 1  300833b2ddd906c000000000 88
1245704117.83 1  300833b2ddd906c000000000 89
1245704117.95 1  300833b2ddd906c000000000 87
1245704118.06 1  300833b2ddd906c000000000 89
1245704118.17 1  300833b2ddd906c000000000 93
1245704118.28 1  300833b2ddd906c000000000 94
1245704118.39 1  300833b2ddd906c000000000 92
1245704118.51 1  300833b2ddd906c000000000 88
1245704118.62 1  300833b2ddd906c000000000 93
1245704118.73 1  300833b2ddd906c000000000 95
1245704118.84 1  300833b2ddd906c000000000 92
1245704118.96 1  300833b2ddd906c000000000 89
1245704119.07 1  300833b2ddd906c000000000 96
1245704119.18 1  300833b2ddd906c000000000 93
1245704119.29 1  300833b2ddd906c000000000 86
1245704119.4 1  300833b2ddd906c000000000 90
1245704119.51 1  300833b2ddd906c000000000 93
1245704119.63 1  300833b2ddd906c000000000 90
1245704119.74 1  300833b2ddd906c000000000 94
1245704119.85 0 
1245704119.91 1  300833b2ddd906c000000000 93
1245704120.03 1  300833b2ddd906c000000000 86
1245704120.14 1  300833b2ddd906c000000000 91
1245704120.25 1  300833b2ddd906c000000000 92
1245704120.36 1  300833b2ddd906c000000000 88
1245704120.47 1  300833b2ddd906c000000000 89
1245704120.59 1  300833b2ddd906c000000000 91
1245704120.7 1  300833b2ddd906c000000000 84
1245704120.81 1  300833b2ddd906c000000000 84
1245704120.92 1  300833b2ddd906c000000000 84
1245704121.03 1  300833b2ddd906c000000000 94
1245704121.15 1  300833b2ddd906c000000000 92
1245704121.26 1  300833b2ddd906c000000000 89
1245704121.37 1  300833b2ddd906c000000000 93
1245704121.48 1  300833b2ddd906c000000000 86
1245704121.59 1  300833b2ddd906c000000000 90
1245704121.71 1  300833b2ddd906c000000000 90
1245704121.82 1  300833b2ddd906c000000000 93
1245704121.93 1  300833b2ddd906c000000000 89
1245704122.04 1  300833b2ddd906c000000000 91
1245704122.15 1  300833b2ddd906c000000000 88
1245704122.27 1  300833b2ddd906c000000000 91
1245704122.38 1  300833b2ddd906c000000000 88
1245704122.49 1  300833b2ddd906c000000000 90
1245704122.6 1  300833b2ddd906c000000000 90
1245704122.71 1  300833b2ddd906c000000000 89
1245704122.83 1  300833b2ddd906c000000000 86
1245704122.94 1  300833b2ddd906c000000000 91
1245704123.05 1  300833b2ddd906c000000000 89
1245704123.16 1  300833b2ddd906c000000000 88
1245704123.27 1  300833b2ddd906c000000000 88
1245704123.39 1  300833b2ddd906c000000000 90
1245704123.5 1  300833b2ddd906c000000000 86
1245704123.61 1  300833b2ddd906c000000000 86
1245704123.72 1  300833b2ddd906c000000000 85
1245704123.83 1  300833b2ddd906c000000000 92
1245704123.95 1  300833b2ddd906c000000000 92
1245704124.06 1  300833b2ddd906c000000000 85
1245704124.17 1  300833b2ddd906c000000000 88
1245704124.28 1  300833b2ddd906c000000000 87
1245704124.39 1  300833b2ddd906c000000000 89
1245704124.51 1  300833b2ddd906c000000000 83
1245704124.62 0 
1245704124.68 0 
1245704124.75 0 
1245704124.81 0 
1245704124.87 1  300833b2ddd906c000000000 84
1245704124.99 1  300833b2ddd906c000000000 85
1245704125.1 1  300833b2ddd906c000000000 88
1245704125.21 0 
1245704125.27 0 
1245704125.34 0 
1245704125.4 0 
1245704125.47 0 
1245704125.53 0 
1245704125.59 0 
1245704125.66 0 
1245704125.72 0 
1245704125.79 0 
1245704125.85 0 
1245704125.91 0 
1245704125.98 0 
1245704126.04 0 
1245704126.11 0 
1245704126.17 0 
1245704126.23 0 
1245704126.3 0 
1245704126.36 0 
1245704126.43 0 
1245704126.49 0 
1245704126.55 0 
1245704126.62 0 
1245704126.68 0 
1245704126.75 0 
1245704126.81 0 
1245704126.87 0 
1245704126.94 0 
1245704127.0 0 
1245704127.07 0 
1245704127.13 0 
1245704127.19 0 
1245704127.26 0 
1245704127.32 0 
1245704127.39 0 
1245704127.45 0 
1245704127.51 0 
1245704127.58 0 
1245704127.64 0 
1245704127.7 0 
1245704127.77 0 
1245704127.83 0 
1245704127.9 0 
1245704127.96 0 
1245704128.02 0 
1245704128.09 0 
1245704128.15 0 
1245704128.22 0 
1245704128.28 0 
1245704128.34 0 
1245704128.41 0 
1245704128.47 0 
1245704128.54 0 
1245704128.6 0 
1245704128.66 0 
1245704128.73 0 
1245704128.79 0 
1245704128.86 0 
1245704128.92 0 
1245704128.98 0 
1245704129.05 0 
1245704129.11 0 
1245704129.18 0 
1245704129.24 0 
1245704129.3 0 
1245704129.37 0 
1245704129.43 0 
1245704129.5 0 
1245704129.56 0 
1245704129.62 0 
1245704129.69 0 
1245704129.75 0 
1245704129.82 0 
1245704129.88 0 
1245704129.94 0 
1245704130.01 0 
1245704130.07 0 
1245704130.14 0 
1245704130.2 0 
1245704130.26 0 
1245704130.33 0 
1245704130.39 0 
1245704130.46 0 
1245704130.52 0 
1245704130.58 0 
1245704130.65 0 
1245704130.71 0 
1245704130.78 0 
1245704130.84 0 
1245704130.9 0 
1245704130.97 0 
1245704131.03 0 
1245704131.1 0 
1245704131.16 0 
1245704131.22 0 
1245704131.29 0 
1245704131.35 0 
1245704131.42 0 
1245704131.48 0 
1245704131.54 0 
1245704131.61 0 
1245704131.67 0 
1245704131.74 0 
1245704131.8 0 
1245704131.86 0 
1245704131.93 0 
1245704131.99 0 
1245704132.06 0 
1245704132.12 0 
1245704132.18 0 
1245704132.25 0 
1245704132.31 0 
1245704132.38 0 
1245704132.44 0 
1245704132.5 0 
1245704132.57 0 
1245704132.63 0 
1245704132.7 0 
1245704132.76 0 
1245704132.82 0 
1245704132.89 0 
1245704132.95 0 
1245704133.02 0 
1245704133.08 0 
1245704133.14 0 
1245704133.21 0 
1245704133.27 0 
1245704133.34 0 
1245704133.4 0 
1245704133.46 0 
1245704133.53 0 
1245704133.59 0 
1245704133.66 0 
1245704133.72 0 
1245704133.78 0 
1245704133.85 0 
1245704133.91 0 
1245704133.98 0 
1245704134.04 0 
1245704134.1 0 
1245704134.17 0 
1245704134.23 0 
1245704134.3 0 
1245704134.36 0 
1245704134.42 0 
1245704134.49 0 
1245704134.55 0 
1245704134.62 0 
1245704134.68 0 
1245704134.74 0 
1245704134.81 0 
1245704134.87 0 
1245704134.94 0 
1245704135.0 0 
1245704135.06 0 
1245704135.13 0 
1245704135.19 0 
1245704135.26 0 
1245704135.32 0 
1245704135.38 0 
1245704135.45 0 
1245704135.51 0 
1245704135.58 0 
1245704135.64 0 
1245704135.7 0 
1245704135.77 0 
1245704135.83 0 
1245704135.9 0 
1245704135.96 0 
1245704136.02 0 
1245704136.09 0 
1245704136.15 0 
1245704136.22 0 
1245704136.28 0 
1245704136.34 0 
1245704136.41 0 
1245704136.47 0 
1245704136.54 0 
1245704136.6 0 
1245704136.66 0 
1245704136.73 0 
1245704136.79 0 
1245704136.86 0 
1245704136.92 0 
1245704136.98 0 
1245704137.05 0 
1245704137.11 0 
1245704137.18 0 
1245704137.24 0 
1245704137.3 0 
1245704137.37 1  300833b2ddd906c000000000 82
1245704137.48 1  300833b2ddd906c000000000 84
1245704137.59 0 
1245704137.66 0 
1245704137.72 0 
1245704137.78 0 
1245704137.85 0 
1245704137.91 0 
1245704137.98 0 
1245704138.04 0 
1245704138.1 0 
1245704138.17 0 
1245704138.23 1  300833b2ddd906c000000000 87
1245704138.34 0 
1245704138.41 0 
1245704138.47 0 
1245704138.54 1  300833b2ddd906c000000000 84
1245704138.65 0 
1245704138.71 0 
1245704138.78 1  300833b2ddd906c000000000 84
1245704138.89 1  300833b2ddd906c000000000 85
1245704139.0 0 
1245704139.06 0 
1245704139.13 0 
1245704139.19 0 
1245704139.25 1  300833b2ddd906c000000000 85
1245704139.37 1  300833b2ddd906c000000000 86
1245704139.48 0 
1245704139.54 0 
1245704139.61 0 
1245704139.67 0 
1245704139.74 0 
1245704139.8 0 
1245704139.86 0 
1245704139.93 1  300833b2ddd906c000000000 87
1245704140.04 0 
1245704140.1 0 
1245704140.17 1  300833b2ddd906c000000000 85
1245704140.28 0 
1245704140.34 0 
1245704140.41 0 
1245704140.47 1  300833b2ddd906c000000000 84
1245704140.58 0 
1245704140.65 0 
1245704140.71 1  300833b2ddd906c000000000 83
1245704140.82 1  300833b2ddd906c000000000 84
1245704140.93 0 
1245704141.0 0 
1245704141.06 0 
1245704141.13 0 
1245704141.19 1  300833b2ddd906c000000000 85
1245704141.3 1  300833b2ddd906c000000000 86
1245704141.42 1  300833b2ddd906c000000000 82
1245704141.53 0 
1245704141.59 0 
1245704141.66 0 
1245704141.72 0 
1245704141.78 0 
1245704141.85 0 
1245704141.91 1  300833b2ddd906c000000000 85
1245704142.02 0 
1245704142.09 0 
1245704142.15 1  300833b2ddd906c000000000 85
1245704142.26 0 
1245704142.33 0 
1245704142.39 0 
1245704142.46 1  300833b2ddd906c000000000 83
1245704142.57 0 
1245704142.63 0 
1245704142.69 1  300833b2ddd906c000000000 83
1245704142.81 1  300833b2ddd906c000000000 83
1245704142.92 0 
1245704142.98 0 
1245704143.05 0 
1245704143.11 0 
1245704143.18 1  300833b2ddd906c000000000 84
1245704143.29 1  300833b2ddd906c000000000 84
1245704143.4 1  300833b2ddd906c000000000 83
1245704143.51 0 
1245704143.58 1  300833b2ddd906c000000000 83
1245704143.69 1  300833b2ddd906c000000000 83
1245704143.8 0 
1245704143.86 1  300833b2ddd906c000000000 84
1245704143.98 0 
1245704144.04 1  300833b2ddd906c000000000 83
1245704144.15 1  300833b2ddd906c000000000 84
1245704144.26 0 
1245704144.33 1  300833b2ddd906c000000000 85
1245704144.44 1  300833b2ddd906c000000000 83
1245704144.55 1  300833b2ddd906c000000000 83
1245704144.66 0 
1245704144.73 1  300833b2ddd906c000000000 84
1245704144.84 0 
1245704144.9 0 
1245704144.97 1  300833b2ddd906c000000000 83
1245704145.08 1  300833b2ddd906c000000000 84
1245704145.19 0 
1245704145.25 0 
1245704145.32 1  300833b2ddd906c000000000 84
1245704145.43 0 
1245704145.49 1  300833b2ddd906c000000000 84
1245704145.61 1  300833b2ddd906c000000000 83
1245704145.72 1  300833b2ddd906c000000000 83
1245704145.83 0 
1245704145.89 1  300833b2ddd906c000000000 84
1245704146.01 1  300833b2ddd906c000000000 84
1245704146.12 0 
1245704146.18 1  300833b2ddd906c000000000 83
1245704146.29 0 
1245704146.36 1  300833b2ddd906c000000000 84
1245704146.47 1  300833b2ddd906c000000000 84
1245704146.58 0 
1245704146.65 1  300833b2ddd906c000000000 86
1245704146.76 1  300833b2ddd906c000000000 84
1245704146.87 0 
1245704146.93 0 
1245704147.0 1  300833b2ddd906c000000000 85
1245704147.11 0 
1245704147.17 0 
1245704147.24 1  300833b2ddd906c000000000 85
1245704147.35 1  300833b2ddd906c000000000 85
1245704147.46 0 
1245704147.53 0 
1245704147.59 0 
1245704147.65 0 
1245704147.72 1  300833b2ddd906c000000000 86
1245704147.83 1  300833b2ddd906c000000000 83
1245704147.94 1  300833b2ddd906c000000000 84
1245704148.05 0 
1245704148.12 1  300833b2ddd906c000000000 84
1245704148.23 1  300833b2ddd906c000000000 84
1245704148.34 0 
1245704148.41 1  300833b2ddd906c000000000 84
1245704148.52 0 
1245704148.58 1  300833b2ddd906c000000000 83
1245704148.69 1  300833b2ddd906c000000000 84
1245704148.81 0 
1245704148.87 1  300833b2ddd906c000000000 86
1245704148.98 1  300833b2ddd906c000000000 84
1245704149.09 0 
1245704149.16 0 
1245704149.22 1  300833b2ddd906c000000000 85
1245704149.33 0 
1245704149.4 0 
1245704149.46 1  300833b2ddd906c000000000 85
1245704149.57 1  300833b2ddd906c000000000 86
1245704149.69 0 
1245704149.75 0 
1245704149.81 0 
1245704149.88 0 
1245704149.94 1  300833b2ddd906c000000000 86
1245704150.05 1  300833b2ddd906c000000000 84
1245704150.17 1  300833b2ddd906c000000000 86
1245704150.28 0 
1245704150.34 1  300833b2ddd906c000000000 84
1245704150.45 1  300833b2ddd906c000000000 84
1245704150.57 0 
1245704150.63 0 
1245704150.69 0 
1245704150.76 1  300833b2ddd906c000000000 84
1245704150.87 1  300833b2ddd906c000000000 85
1245704150.98 0 
1245704151.05 1  300833b2ddd906c000000000 86
1245704151.16 1  300833b2ddd906c000000000 85
1245704151.27 0 
1245704151.33 0 
1245704151.4 1  300833b2ddd906c000000000 86
1245704151.51 0 
1245704151.57 0 
1245704151.64 1  300833b2ddd906c000000000 85
1245704151.75 1  300833b2ddd906c000000000 86
1245704151.86 0 
1245704151.93 0 
1245704151.99 1  300833b2ddd906c000000000 83
1245704152.1 0 
1245704152.17 1  300833b2ddd906c000000000 85
1245704152.28 1  300833b2ddd906c000000000 84
1245704152.39 1  300833b2ddd906c000000000 85
1245704152.5 0 
1245704152.57 1  300833b2ddd906c000000000 84
1245704152.68 1  300833b2ddd906c000000000 84
1245704152.79 0 
1245704152.85 1  300833b2ddd906c000000000 84
1245704152.97 0 
1245704153.03 1  300833b2ddd906c000000000 83
1245704153.14 1  300833b2ddd906c000000000 83
1245704153.25 0 
1245704153.32 1  300833b2ddd906c000000000 86
1245704153.43 1  300833b2ddd906c000000000 84
1245704153.54 0 
1245704153.61 0 
1245704153.67 1  300833b2ddd906c000000000 85
1245704153.78 0 
1245704153.85 0 
1245704153.91 1  300833b2ddd906c000000000 84
1245704154.02 1  300833b2ddd906c000000000 84
1245704154.13 0 
1245704154.2 0 
1245704154.26 1  300833b2ddd906c000000000 83
1245704154.37 0 
1245704154.44 1  300833b2ddd906c000000000 84
1245704154.55 1  300833b2ddd906c000000000 83
1245704154.66 1  300833b2ddd906c000000000 83
1245704154.77 0 
1245704154.84 0 
1245704154.9 0 
1245704154.97 0 
1245704155.03 0 
1245704155.09 0 
1245704155.16 0 
1245704155.22 0 
1245704155.28 0 
1245704155.35 0 
1245704155.41 0 
1245704155.48 0 
1245704155.54 0 
1245704155.6 0 
1245704155.67 0 
1245704155.73 0 
1245704155.8 0 
1245704155.86 0 
1245704155.92 0 
1245704155.99 0 
1245704156.05 0 
1245704156.12 0 
1245704156.18 0 
1245704156.24 0 
1245704156.31 0 
1245704156.37 0 
1245704156.44 0 
1245704156.5 0 
1245704156.56 0 
1245704156.63 1  300833b2ddd906c000000000 82
1245704156.74 0 
1245704156.8 1  300833b2ddd906c000000000 83
1245704156.92 1  300833b2ddd906c000000000 82
1245704157.03 0 
1245704157.09 1  300833b2ddd906c000000000 84
1245704157.2 0 
1245704157.27 1  300833b2ddd906c000000000 83
1245704157.38 0 
1245704157.44 1  300833b2ddd906c000000000 83
1245704157.56 0 
1245704157.62 0 
1245704157.68 1  300833b2ddd906c000000000 82
1245704157.8 1  300833b2ddd906c000000000 83
1245704157.91 0 
1245704157.97 0 
1245704158.04 0 
1245704158.1 0 
1245704158.16 0 
1245704158.23 0 
1245704158.29 1  300833b2ddd906c000000000 82
1245704158.4 0 
1245704158.47 0 
1245704158.53 0 
1245704158.6 0 
1245704158.66 0 
1245704158.72 0 
1245704158.79 0 
1245704158.85 0 
1245704158.92 0 
1245704158.98 0 
1245704159.04 0 
1245704159.11 0 
1245704159.17 0 
1245704159.24 0 
1245704159.3 0 
1245704159.36 0 
1245704159.43 0 
1245704159.49 0 
1245704159.56 0 
1245704159.62 0 
1245704159.68 0 
1245704159.75 0 
1245704159.81 0 
1245704159.88 1  300833b2ddd906c000000000 82
1245704159.99 0 
1245704160.05 0 
1245704160.12 0 
1245704160.18 1  300833b2ddd906c000000000 82
1245704160.29 0 
1245704160.36 0 
1245704160.42 0 
1245704160.48 1  300833b2ddd906c000000000 84
1245704160.6 1  300833b2ddd906c000000000 84
1245704160.71 1  300833b2ddd906c000000000 82
1245704160.82 1  300833b2ddd906c000000000 83
1245704160.93 1  300833b2ddd906c000000000 84
1245704161.04 1  300833b2ddd906c000000000 85
1245704161.16 1  300833b2ddd906c000000000 84
1245704161.27 1  300833b2ddd906c000000000 83
1245704161.38 1  300833b2ddd906c000000000 85
1245704161.49 0 
1245704161.56 1  300833b2ddd906c000000000 82
1245704161.67 1  300833b2ddd906c000000000 83
1245704161.78 0 
1245704161.84 0 
1245704161.91 0 
1245704161.97 0 
1245704162.04 1  300833b2ddd906c000000000 84
1245704162.15 1  300833b2ddd906c000000000 83
1245704162.26 1  300833b2ddd906c000000000 85
1245704162.37 0 
1245704162.44 0 
1245704162.5 0 
1245704162.56 0 
1245704162.63 1  300833b2ddd906c000000000 83
1245704162.74 0 
1245704162.8 1  300833b2ddd906c000000000 83
1245704162.92 0 
1245704162.98 0 
1245704163.04 0 
1245704163.11 0 
1245704163.17 0 
1245704163.24 0 
1245704163.3 0 
1245704163.36 0 
1245704163.43 0 
1245704163.49 0 
1245704163.56 0 
1245704163.62 0 
1245704163.68 0 
1245704163.75 0 
1245704163.81 0 
1245704163.88 0 
1245704163.94 0 
1245704164.0 1  300833b2ddd906c000000000 83
1245704164.12 0 
1245704164.18 0 
1245704164.24 0 
1245704164.31 0 
1245704164.37 0 
1245704164.44 0 
1245704164.5 1  300833b2ddd906c000000000 82
1245704164.61 0 
1245704164.68 0 
1245704164.74 1  300833b2ddd906c000000000 83
1245704164.85 0 
1245704164.92 1  300833b2ddd906c000000000 82
1245704165.03 0 
1245704165.09 0 
1245704165.16 0 
1245704165.22 0 
1245704165.28 0 
1245704165.35 1  300833b2ddd906c000000000 82
1245704165.46 0 
1245704165.52 0 
1245704165.59 0 
1245704165.65 0 
1245704165.72 0 
1245704165.78 0 
1245704165.84 0 
1245704165.91 0 
1245704165.97 0 
1245704166.04 0 
1245704166.1 0 
1245704166.16 0 
1245704166.23 0 
1245704166.29 1  300833b2ddd906c000000000 83
1245704166.4 0 
1245704166.47 0 
1245704166.53 1  300833b2ddd906c000000000 83
1245704166.64 0 
1245704166.71 1  300833b2ddd906c000000000 84
1245704166.82 1  300833b2ddd906c000000000 84
1245704166.93 1  300833b2ddd906c000000000 83
1245704167.04 1  300833b2ddd906c000000000 83
1245704167.15 0 
1245704167.22 1  300833b2ddd906c000000000 82
1245704167.33 1  300833b2ddd906c000000000 83
1245704167.44 0 
1245704167.51 0 
1245704167.57 0 
1245704167.63 0 
1245704167.7 0 
1245704167.76 0 
1245704167.83 0 
1245704167.89 0 
1245704167.96 0 
1245704168.02 0 
1245704168.08 0 
1245704168.15 0 
1245704168.21 0 
1245704168.27 0 
1245704168.34 0 
1245704168.4 0 
1245704168.47 0 
1245704168.53 0 
1245704168.6 0 
1245704168.66 0 
1245704168.72 0 
1245704168.79 0 
1245704168.85 0 
1245704168.91 0 
1245704168.98 0 
1245704169.04 0 
1245704169.11 0 
1245704169.17 0 
1245704169.24 0 
1245704169.3 0 
1245704169.36 0 
1245704169.43 0 
1245704169.49 0 
1245704169.56 0 
1245704169.62 0 
1245704169.68 0 
1245704169.75 0 
1245704169.81 0 
1245704169.87 0 
1245704169.94 0 
1245704170.0 0 
1245704170.07 0 
1245704170.13 0 
1245704170.19 0 
1245704170.26 0 
1245704170.32 0 
1245704170.39 0 
1245704170.45 0 
1245704170.51 0 
1245704170.58 0 
1245704170.64 0 
1245704170.71 0 
1245704170.77 0 
1245704170.83 0 
1245704170.9 0 
1245704170.96 0 
1245704171.03 0 
1245704171.09 0 
1245704171.16 0 
1245704171.22 0 
1245704171.28 0 
1245704171.35 0 
1245704171.41 0 
1245704171.48 0 
1245704171.54 0 
1245704171.6 0 
1245704171.67 0 
1245704171.73 0 
1245704171.79 0 
1245704171.86 0 
1245704171.92 0 
1245704171.99 0 
1245704172.05 0 
1245704172.11 0 
1245704172.18 0 
1245704172.24 0 
1245704172.31 0 
1245704172.37 0 
1245704172.43 0 
1245704172.5 0 
1245704172.56 0 
1245704172.63 0 
1245704172.69 0 
1245704172.75 0 
1245704172.82 0 
1245704172.88 0 
1245704172.95 0 
1245704173.01 0 
1245704173.07 0 
1245704173.14 0 
1245704173.2 0 
1245704173.27 0 
1245704173.33 0 
1245704173.39 0 
1245704173.46 0 
1245704173.52 0 
1245704173.59 0 
1245704173.65 0 
1245704173.71 0 
1245704173.78 0 
1245704173.84 0 
1245704173.91 0 
1245704173.97 0 
1245704174.03 0 
1245704174.1 0 
1245704174.16 0 
1245704174.23 0 
1245704174.29 0 
1245704174.35 0 
1245704174.42 0 
1245704174.48 0 
1245704174.55 0 
1245704174.61 0 
1245704174.67 0 
1245704174.74 0 
1245704174.8 0 
1245704174.87 0 
1245704174.93 0 
1245704174.99 0 
1245704175.06 0 
1245704175.12 0 
1245704175.19 0 
1245704175.25 0 
1245704175.31 0 
1245704175.38 0 
1245704175.44 0 
1245704175.51 0 
1245704175.58 0 
1245704175.63 0 
1245704175.7 0 
1245704175.76 0 
1245704175.83 0 
1245704175.89 0 
1245704175.95 0 
1245704176.02 0 
1245704176.08 0 
1245704176.15 0 
1245704176.21 0 
1245704176.27 0 
1245704176.34 0 
1245704176.4 0 
1245704176.47 0 
1245704176.53 0 
1245704176.59 0 
1245704176.66 0 
1245704176.72 0 
1245704176.79 0 
1245704176.85 0 
1245704176.91 0 
1245704176.98 0 
1245704177.04 0 
1245704177.11 0 
1245704177.17 0 
1245704177.23 0 
1245704177.3 0 
1245704177.36 0 
1245704177.43 0 
1245704177.49 0 
1245704177.55 0 
1245704177.62 0 
1245704177.68 0 
1245704177.75 0 
1245704177.81 0 
1245704177.87 0 
1245704177.94 0 
1245704178.0 0 
1245704178.07 0 
1245704178.13 0 
1245704178.19 0 
1245704178.26 0 
1245704178.32 0 
1245704178.39 0 
1245704178.45 0 
1245704178.51 0 
1245704178.58 0 
1245704178.64 0 
1245704178.71 0 
1245704178.77 0 
1245704178.83 0 
1245704178.9 0 
1245704178.96 0 
1245704179.03 0 
1245704179.09 0 
1245704179.16 0 
1245704179.23 0 
1245704179.3 0 
1245704179.36 0 
1245704179.43 0 
1245704179.49 0 
1245704179.55 0 
1245704179.62 0 
1245704179.68 0 
1245704179.75 0 
1245704179.81 0 
1245704179.87 0 
1245704179.94 0 
1245704180.0 0 
1245704180.07 0 
1245704180.13 0 
1245704180.19 0 
1245704180.26 0 
1245704180.32 0 
1245704180.39 0 
1245704180.45 0 
1245704180.51 0 
1245704180.58 0 
1245704180.64 0 
1245704180.71 0 
1245704180.77 0 
1245704180.83 0 
1245704180.9 0 
1245704180.96 0 
1245704181.03 0 
1245704181.09 0 
1245704181.15 0 
1245704181.22 0 
1245704181.28 0 
1245704181.35 0 
1245704181.41 0 
1245704181.47 0 
1245704181.54 0 
1245704181.6 0 
1245704181.67 0 
1245704181.73 0 
1245704181.79 0 
1245704181.86 0 
1245704181.92 0 
1245704181.99 0 
1245704182.05 0 
1245704182.11 0 
1245704182.18 0 
1245704182.24 0 
1245704182.31 0 
1245704182.37 0 
1245704182.43 0 
1245704182.5 0 
1245704182.56 0 
1245704182.63 0 
1245704182.69 0 
1245704182.75 0 
1245704182.82 0 
1245704182.88 0 
1245704182.94 0 
1245704183.01 0 
1245704183.07 0 
1245704183.14 0 
1245704183.2 0 
1245704183.26 0 
1245704183.33 0 
1245704183.39 0 
1245704183.46 0 
1245704183.52 0 
1245704183.58 0 
1245704183.65 0 
1245704183.71 0 
1245704183.78 0 
1245704183.84 0 
1245704183.9 0 
1245704183.97 0 
1245704184.03 0 
1245704184.1 0 
1245704184.16 0 
1245704184.22 0 
1245704184.29 0 
1245704184.35 0 
1245704184.42 0 
1245704184.48 0 
1245704184.54 0 
1245704184.61 0 
1245704184.67 0 
1245704184.74 0 
1245704184.8 0 
1245704184.86 0 
1245704184.93 0 
1245704184.99 0 
1245704185.06 0 
1245704185.12 0 
1245704185.18 0 
1245704185.25 0 
1245704185.31 0 
1245704185.38 0 
1245704185.44 0 
1245704185.5 0 
1245704185.57 0 
1245704185.63 0 
1245704185.7 0 
1245704185.76 0 
1245704185.83 0 
1245704185.89 0 
1245704185.95 0 
1245704186.02 0 
1245704186.08 0 
1245704186.14 0 
1245704186.21 0 
1245704186.27 0 
1245704186.34 0 
1245704186.4 0 
1245704186.46 0 
1245704186.53 0 
1245704186.59 0 
1245704186.66 0 
1245704186.72 0 
1245704186.78 0 
1245704186.85 0 
1245704186.91 0 
1245704186.98 0 
1245704187.04 0 
1245704187.1 0 
1245704187.17 0 
1245704187.23 0 
1245704187.3 0 
1245704187.36 0 
1245704187.42 0 
1245704187.49 0 
1245704187.55 0 
1245704187.62 0 
1245704187.68 0 
1245704187.74 0 
1245704187.81 0 
1245704187.87 0 
1245704187.94 0 
1245704188.0 0 
1245704188.06 0 
1245704188.13 0 
1245704188.19 0 
1245704188.26 0 
1245704188.32 0 
1245704188.38 0 
1245704188.45 0 
1245704188.51 0 
1245704188.58 0 
1245704188.64 0 
1245704188.7 0 
1245704188.77 0 
1245704188.83 0 
1245704188.9 0 
1245704188.96 0 
1245704189.03 0 
1245704189.09 0 
1245704189.15 0 
1245704189.22 0 
1245704189.28 0 
1245704189.34 0 
1245704189.41 0 
1245704189.47 0 
1245704189.54 0 
1245704189.6 0 
1245704189.66 0 
1245704189.73 0 
1245704189.79 0 
1245704189.86 0 
1245704189.92 0 
1245704189.98 0 
1245704190.05 0 
1245704190.11 0 
1245704190.18 0 
1245704190.24 0 
1245704190.3 0 
1245704190.37 0 
1245704190.43 0 
1245704190.5 0 
1245704190.56 0 
1245704190.62 0 
1245704190.69 0 
1245704190.75 0 
1245704190.82 0 
1245704190.88 0 
1245704190.94 0 
1245704191.01 0 
1245704191.07 0 
1245704191.14 0 
1245704191.2 0 
1245704191.26 0 
1245704191.33 0 
1245704191.39 0 
1245704191.46 0 
1245704191.52 0 
1245704191.58 0 
1245704191.65 0 
1245704191.71 0 
1245704191.78 0 
1245704191.84 0 
1245704191.9 0 
1245704191.97 0 
1245704192.03 0 
1245704192.1 0 
1245704192.16 0 
1245704192.22 0 
1245704192.29 0 
1245704192.35 0 
1245704192.42 0 
1245704192.48 0 
1245704192.54 0 
1245704192.61 0 
1245704192.67 0 
1245704192.74 0 
1245704192.8 0 
1245704192.86 0 
1245704192.93 0 
1245704192.99 0 
1245704193.06 0 
1245704193.12 0 
1245704193.18 0 
1245704193.25 0 
1245704193.31 0 
1245704193.38 0 
1245704193.44 0 
1245704193.5 0 
1245704193.57 0 
1245704193.63 0 
1245704193.7 0 
1245704193.76 0 
1245704193.82 0 
1245704193.89 0 
1245704193.95 0 
1245704194.01 0 
1245704194.08 0 
1245704194.14 0 
1245704194.21 0 
1245704194.27 0 
1245704194.33 0 
1245704194.4 0 
1245704194.46 0 
1245704194.53 0 
1245704194.59 0 
1245704194.65 0 
1245704194.72 0 
1245704194.78 0 
1245704194.85 0 
1245704194.91 0 
1245704194.97 0 
1245704195.04 0 
1245704195.1 0 
1245704195.17 0 
1245704195.23 0 
1245704195.29 0 
1245704195.36 0 
1245704195.42 0 
1245704195.49 0 
1245704195.55 0 
1245704195.61 0 
1245704195.68 0 
1245704195.74 0 
1245704195.81 0 
1245704195.87 0 
1245704195.93 0 
1245704196.0 0 
1245704196.06 0 
1245704196.13 1  300833b2ddd906c000000000 81
1245704196.24 0 
1245704196.3 1  300833b2ddd906c000000000 86
1245704196.41 1  300833b2ddd906c000000000 91
1245704196.53 1  300833b2ddd906c000000000 93
1245704196.64 1  300833b2ddd906c000000000 91
1245704196.75 1  300833b2ddd906c000000000 95
1245704196.86 1  300833b2ddd906c000000000 91
1245704196.97 1  300833b2ddd906c000000000 88
1245704197.09 1  300833b2ddd906c000000000 78
1245704197.2 0 
1245704197.26 0 
1245704197.33 1  300833b2ddd906c000000000 74
1245704197.44 1  300833b2ddd906c000000000 80
1245704197.55 1  300833b2ddd906c000000000 81
1245704197.66 1  300833b2ddd906c000000000 82
1245704197.77 1  300833b2ddd906c000000000 84
1245704197.89 1  300833b2ddd906c000000000 83
1245704198.0 1  300833b2ddd906c000000000 85
1245704198.11 1  300833b2ddd906c000000000 83
1245704198.22 1  300833b2ddd906c000000000 81
1245704198.33 1  300833b2ddd906c000000000 83
1245704198.45 1  300833b2ddd906c000000000 85
1245704198.56 1  300833b2ddd906c000000000 81
1245704198.67 1  300833b2ddd906c000000000 80
1245704198.78 1  300833b2ddd906c000000000 83
1245704198.9 1  300833b2ddd906c000000000 83
1245704199.01 1  300833b2ddd906c000000000 81
1245704199.12 1  300833b2ddd906c000000000 81
1245704199.23 0 
1245704199.3 1  300833b2ddd906c000000000 81
1245704199.41 1  300833b2ddd906c000000000 80
1245704199.52 1  300833b2ddd906c000000000 80
1245704199.63 0 
1245704199.69 0 
1245704199.76 0 
1245704199.82 0 
1245704199.89 0 
1245704199.95 0 
1245704200.01 0 
1245704200.08 0 
1245704200.14 0 
1245704200.21 0 
1245704200.28 0 
1245704200.35 0 
1245704200.41 0 
1245704200.48 0 
1245704200.54 0 
1245704200.61 0 
1245704200.67 0 
1245704200.73 0 
1245704200.8 0 
1245704200.86 0 
1245704200.93 0 
1245704200.99 0 
1245704201.05 0 
1245704201.12 0 
1245704201.18 0 
1245704201.25 0 
1245704201.31 0 
1245704201.37 0 
1245704201.44 0 
1245704201.5 0 
1245704201.57 0 
1245704201.63 0 
1245704201.69 0 
1245704201.76 0 
1245704201.82 0 
1245704201.89 0 
1245704201.95 0 
1245704202.01 0 
1245704202.08 0 
1245704202.14 0 
1245704202.21 0 
1245704202.27 0 
1245704202.33 0 
1245704202.4 0 
1245704202.46 0 
1245704202.53 0 
1245704202.59 0 
1245704202.65 0 
1245704202.72 0 
1245704202.78 0 
1245704202.85 0 
1245704202.91 0 
1245704202.97 0 
1245704203.04 0 
1245704203.1 0 
1245704203.17 0 
1245704203.23 0 
1245704203.29 0 
1245704203.36 0 
1245704203.42 0 
1245704203.49 0 
1245704203.55 0 
1245704203.61 0 
1245704203.68 0 
1245704203.74 0 
1245704203.81 0 
1245704203.87 0 
1245704203.93 0 
1245704204.0 0 
1245704204.06 0 
1245704204.13 0 
1245704204.19 0 
1245704204.25 0 
1245704204.32 0 
1245704204.38 0 
1245704204.45 0 
1245704204.51 0 
1245704204.57 0 
1245704204.64 0 
1245704204.7 0 
1245704204.77 0 
1245704204.83 0 
1245704204.89 0 
1245704204.96 0 
1245704205.02 0 
1245704205.09 0 
1245704205.15 0 
1245704205.21 0 
1245704205.28 0 
1245704205.34 0 
1245704205.41 0 
1245704205.47 0 
1245704205.53 0 
1245704205.6 0 
1245704205.66 0 
1245704205.73 0 
1245704205.79 0 
1245704205.85 0 
1245704205.92 0 
1245704205.98 0 
1245704206.05 0 
1245704206.11 0 
1245704206.17 0 
1245704206.24 0 
1245704206.3 0 
1245704206.37 0 
1245704206.43 0 
1245704206.49 0 
1245704206.56 0 
1245704206.62 0 
1245704206.69 0 
1245704206.75 0 
1245704206.81 0 
1245704206.88 0 
1245704206.94 0 
1245704207.01 0 
1245704207.07 0 
1245704207.13 0 
1245704207.2 0 
1245704207.26 0 
1245704207.33 0 
1245704207.39 0 
1245704207.45 0 
1245704207.52 0 
1245704207.58 0 
1245704207.65 0 
1245704207.71 0 
1245704207.77 0 
1245704207.84 0 
1245704207.9 0 
1245704207.97 0 
1245704208.03 0 
1245704208.09 1  300833b2ddd906c000000000 86
1245704208.2 0 
1245704208.27 0 
1245704208.33 1  300833b2ddd906c000000000 84
1245704208.45 0 
1245704208.51 0 
1245704208.57 1  300833b2ddd906c000000000 83
1245704208.69 1  300833b2ddd906c000000000 85
1245704208.8 0 
1245704208.86 0 
1245704208.93 0 
1245704208.99 0 
1245704209.05 1  300833b2ddd906c000000000 83
1245704209.16 0 
1245704209.23 0 
1245704209.29 0 
1245704209.36 0 
1245704209.42 0 
1245704209.49 0 
1245704209.55 0 
1245704209.61 0 
1245704209.68 0 
1245704209.74 0 
1245704209.81 0 
1245704209.87 0 
1245704209.93 1  300833b2ddd906c000000000 82
1245704210.05 0 
1245704210.11 0 
1245704210.17 1  300833b2ddd906c000000000 83
1245704210.29 0 
1245704210.35 0 
1245704210.41 0 
1245704210.48 0 
1245704210.54 0 
1245704210.6 0 
1245704210.67 0 
1245704210.73 0 
1245704210.8 0 
1245704210.86 0 
1245704210.92 0 
1245704210.99 0 
1245704211.05 0 
1245704211.12 0 
1245704211.18 0 
1245704211.24 0 
1245704211.31 0 
1245704211.37 0 
1245704211.44 0 
1245704211.5 0 
1245704211.56 0 
1245704211.63 1  300833b2ddd906c000000000 83
1245704211.74 0 
1245704211.8 0 
1245704211.87 1  300833b2ddd906c000000000 82
1245704211.98 0 
1245704212.04 0 
1245704212.11 0 
1245704212.17 0 
1245704212.24 0 
1245704212.3 0 
1245704212.36 0 
1245704212.43 0 
1245704212.49 0 
1245704212.56 0 
1245704212.62 0 
1245704212.68 0 
1245704212.75 1  300833b2ddd906c000000000 82
1245704212.86 0 
1245704212.92 0 
1245704212.99 0 
1245704213.05 0 
1245704213.12 0 
1245704213.18 0 
1245704213.24 0 
1245704213.31 0 
1245704213.37 0 
1245704213.44 0 
1245704213.5 0 
1245704213.56 0 
1245704213.63 0 
1245704213.69 0 
1245704213.76 0 
1245704213.82 0 
1245704213.88 0 
1245704213.95 0 
1245704214.01 0 
1245704214.08 1  300833b2ddd906c000000000 82
1245704214.19 0 
1245704214.25 0 
1245704214.32 0 
1245704214.38 0 
1245704214.44 0 
1245704214.51 0 
1245704214.57 0 
1245704214.64 0 
1245704214.7 0 
1245704214.76 0 
1245704214.83 0 
1245704214.89 0 
1245704214.96 0 
1245704215.02 0 
1245704215.08 0 
1245704215.15 0 
1245704215.21 0 
1245704215.28 0 
1245704215.34 0 
1245704215.4 0 
1245704215.47 0 
1245704215.53 0 
1245704215.6 0 
1245704215.66 0 
1245704215.72 0 
1245704215.79 0 
1245704215.85 0 
1245704215.92 0 
1245704215.98 0 
1245704216.04 1  300833b2ddd906c000000000 83
1245704216.16 0 
1245704216.22 0 
1245704216.28 0 
1245704216.35 0 
1245704216.41 0 
1245704216.48 0 
1245704216.54 0 
1245704216.6 0 
1245704216.67 0 
1245704216.73 0 
1245704216.8 0 
1245704216.86 0 
1245704216.92 0 
1245704216.99 0 
1245704217.05 0 
1245704217.12 0 
1245704217.18 0 
1245704217.24 0 
1245704217.31 0 
1245704217.37 1  300833b2ddd906c000000000 83
1245704217.48 0 
1245704217.55 0 
1245704217.61 0 
1245704217.68 0 
1245704217.74 0 
1245704217.8 1  300833b2ddd906c000000000 83
1245704217.92 0 
1245704217.98 0 
1245704218.04 0 
1245704218.11 0 
1245704218.17 0 
1245704218.24 0 
1245704218.3 0 
1245704218.36 0 
1245704218.43 0 
1245704218.49 0 
1245704218.56 0 
1245704218.62 0 
1245704218.68 0 
1245704218.75 0 
1245704218.81 0 
1245704218.88 0 
1245704218.94 0 
1245704219.0 0 
1245704219.07 0 
1245704219.13 0 
1245704219.2 0 
1245704219.26 0 
1245704219.32 0 
1245704219.39 1  300833b2ddd906c000000000 82
1245704219.5 1  300833b2ddd906c000000000 82
1245704219.61 0 
1245704219.68 0 
1245704219.74 0 
1245704219.8 0 
1245704219.87 0 
1245704219.93 0 
1245704220.0 0 
1245704220.06 0 
1245704220.12 0 
1245704220.19 0 
1245704220.25 0 
1245704220.32 0 
1245704220.38 0 
1245704220.44 0 
1245704220.51 0 
1245704220.57 0 
1245704220.64 0 
1245704220.7 0 
1245704220.76 1  300833b2ddd906c000000000 83
1245704220.88 0 
1245704220.94 0 
1245704221.0 0 
1245704221.07 0 
1245704221.13 1  300833b2ddd906c000000000 82
1245704221.24 0 
1245704221.31 0 
1245704221.37 0 
1245704221.44 0 
1245704221.5 0 
1245704221.56 0 
1245704221.63 0 
1245704221.69 0 
1245704221.76 0 
1245704221.82 0 
1245704221.88 0 
1245704221.95 0 
1245704222.01 0 
1245704222.07 0 
1245704222.14 0 
1245704222.2 0 
1245704222.27 0 
1245704222.33 0 
1245704222.39 0 
1245704222.46 0 
1245704222.52 0 
1245704222.59 0 
1245704222.65 0 
1245704222.71 0 
1245704222.78 0 
1245704222.84 0 
1245704222.91 0 
1245704222.97 0 
1245704223.03 0 
1245704223.1 0 
1245704223.16 0 
1245704223.23 0 
1245704223.29 0 
1245704223.35 0 
1245704223.42 0 
1245704223.48 0 
1245704223.55 0 
1245704223.61 0 
1245704223.67 0 
1245704223.74 0 
1245704223.8 0 
1245704223.87 0 
1245704223.93 0 
1245704223.99 0 
1245704224.06 0 
1245704224.12 0 
1245704224.19 0 
1245704224.25 0 
1245704224.31 0 
1245704224.38 0 
1245704224.44 0 
1245704224.51 0 
1245704224.57 0 
1245704224.63 0 
1245704224.7 0 
1245704224.76 0 
1245704224.83 0 
1245704224.89 0 
1245704224.95 0 
1245704225.02 0 
1245704225.08 0 
1245704225.15 0 
1245704225.21 0 
1245704225.27 0 
1245704225.34 0 
1245704225.4 0 
1245704225.47 0 
1245704225.53 0 
1245704225.59 0 
1245704225.66 0 
1245704225.72 0 
1245704225.79 0 
1245704225.85 0 
1245704225.91 0 
1245704225.98 0 
1245704226.04 0 
1245704226.11 0 
1245704226.17 0 
1245704226.23 0 
1245704226.3 0 
1245704226.36 0 
1245704226.43 0 
1245704226.49 0 
1245704226.55 0 
1245704226.62 0 
1245704226.68 0 
1245704226.75 0 
1245704226.81 0 
1245704226.87 0 
1245704226.94 0 
1245704227.0 0 
1245704227.07 0 
1245704227.13 0 
1245704227.19 0 
1245704227.26 0 
1245704227.32 0 
1245704227.39 0 
1245704227.45 0 
1245704227.51 0 
1245704227.58 0 
1245704227.64 0 
1245704227.71 0 
1245704227.77 0 
1245704227.83 0 
1245704227.9 0 
1245704227.96 0 
1245704228.03 0 
1245704228.09 0 
1245704228.15 0 
1245704228.22 0 
1245704228.28 0 
1245704228.35 0 
1245704228.41 0 
1245704228.47 0 
1245704228.54 0 
1245704228.6 0 
1245704228.67 0 
1245704228.73 0 
1245704228.79 0 
1245704228.86 0 
1245704228.92 0 
1245704228.99 0 
1245704229.05 0 
1245704229.11 0 
1245704229.18 0 
1245704229.24 0 
1245704229.31 0 
1245704229.37 0 
1245704229.43 0 
1245704229.5 0 
1245704229.56 0 
1245704229.63 0 
1245704229.69 0 
1245704229.75 0 
1245704229.82 0 
1245704229.88 0 
1245704229.95 0 
1245704230.01 0 
1245704230.07 0 
1245704230.14 0 
1245704230.2 0 
1245704230.27 0 
1245704230.33 0 
1245704230.39 0 
1245704230.46 0 
1245704230.52 0 
1245704230.59 0 
1245704230.65 0 
1245704230.71 0 
1245704230.78 0 
1245704230.84 0 
1245704230.91 0 
1245704230.97 0 
1245704231.03 0 
1245704231.1 0 
1245704231.16 0 
1245704231.23 0 
1245704231.29 0 
1245704231.35 0 
1245704231.42 0 
1245704231.48 0 
1245704231.55 0 
1245704231.61 0 
1245704231.67 0 
1245704231.74 0 
1245704231.8 0 
1245704231.87 0 
1245704231.93 0 
1245704231.99 0 
1245704232.06 0 
1245704232.12 0 
1245704232.19 0 
1245704232.25 0 
1245704232.31 0 
1245704232.38 0 
1245704232.44 0 
1245704232.51 0 
1245704232.57 0 
1245704232.63 0 
1245704232.7 0 
1245704232.76 0 
1245704232.83 0 
1245704232.89 0 
1245704232.95 0 
1245704233.02 0 
1245704233.08 0 
1245704233.15 0 
1245704233.21 0 
1245704233.27 0 
1245704233.34 0 
1245704233.4 0 
1245704233.47 0 
1245704233.53 0 
1245704233.59 0 
1245704233.66 0 
1245704233.72 0 
1245704233.79 0 
1245704233.85 0 
1245704233.91 0 
1245704233.98 0 
1245704234.04 0 
1245704234.11 0 
1245704234.17 0 
1245704234.23 0 
1245704234.3 0 
1245704234.36 0 
1245704234.43 0 
1245704234.49 0 
1245704234.55 0 
1245704234.62 0 
1245704234.68 0 
1245704234.75 0 
1245704234.81 0 
1245704234.87 0 
1245704234.94 0 
1245704235.0 0 
1245704235.07 0 
1245704235.13 0 
1245704235.19 0 
1245704235.26 0 
1245704235.32 0 
1245704235.38 0 
1245704235.45 0 
1245704235.51 0 
1245704235.58 0 
1245704235.64 0 
1245704235.71 0 
1245704235.77 0 
1245704235.83 0 
1245704235.9 0 
1245704235.96 0 
1245704236.03 0 
1245704236.09 0 
1245704236.15 0 
1245704236.22 0 
1245704236.28 0 
1245704236.35 0 
1245704236.41 0 
1245704236.47 0 
1245704236.54 0 
1245704236.6 0 
1245704236.67 0 
1245704236.73 0 
1245704236.79 0 
1245704236.86 0 
1245704236.92 0 
1245704236.99 0 
1245704237.05 0 
1245704237.11 0 
1245704237.18 0 
1245704237.24 0 
1245704237.31 0 
1245704237.37 0 
1245704237.43 0 
1245704237.5 0 
1245704237.56 0 
1245704237.63 0 
1245704237.69 0 
1245704237.75 0 
1245704237.82 0 
1245704237.88 0 
1245704237.95 0 
1245704238.01 0 
1245704238.07 0 
1245704238.14 0 
1245704238.2 0 
1245704238.26 0 
1245704238.33 0 
1245704238.39 0 
1245704238.46 0 
1245704238.52 0 
1245704238.58 0 
1245704238.65 0 
1245704238.71 0 
1245704238.78 0 
1245704238.84 0 
1245704238.9 0 
1245704238.97 0 
1245704239.03 0 
1245704239.1 0 
1245704239.16 0 
1245704239.22 0 
1245704239.29 0 
1245704239.35 0 
1245704239.42 0 
1245704239.48 0 
1245704239.54 0 
1245704239.61 0 
1245704239.67 0 
1245704239.74 0 
1245704239.8 0 
1245704239.86 0 
1245704239.93 0 
1245704239.99 0 
1245704240.06 0 
1245704240.12 0 
1245704240.18 0 
1245704240.25 0 
1245704240.31 0 
1245704240.38 0 
1245704240.44 0 
1245704240.5 0 
1245704240.57 0 
1245704240.63 0 
1245704240.7 0 
1245704240.76 0 
1245704240.82 0 
1245704240.89 0 
1245704240.95 0 
1245704241.02 0 
1245704241.08 0 
1245704241.14 0 
1245704241.21 0 
1245704241.27 0 
1245704241.34 0 
1245704241.4 0 
1245704241.46 0 
1245704241.53 0 
1245704241.59 0 
1245704241.66 0 
1245704241.72 0 
1245704241.78 0 
1245704241.85 0 
1245704241.91 0 
1245704241.98 0 
1245704242.04 0 
1245704242.11 0 
1245704242.17 0 
1245704242.23 0 
1245704242.3 0 
1245704242.36 0 
1245704242.42 0 
1245704242.49 0 
1245704242.55 0 
1245704242.62 0 
1245704242.68 0 
1245704242.74 0 
1245704242.81 0 
1245704242.87 0 
1245704242.94 0 
1245704243.0 0 
1245704243.06 0 
1245704243.13 0 
1245704243.19 0 
1245704243.26 0 
1245704243.32 0 
1245704243.38 0 
1245704243.45 0 
1245704243.51 0 
1245704243.58 0 
1245704243.64 0 
1245704243.7 0 
1245704243.77 0 
1245704243.83 0 
1245704243.9 0 
1245704243.96 0 
1245704244.02 0 
1245704244.09 0 
1245704244.15 0 
1245704244.22 0 
1245704244.28 0 
1245704244.34 0 
1245704244.41 0 
1245704244.47 0 
1245704244.54 0 
1245704244.6 0 
1245704244.66 0 
1245704244.73 0 
1245704244.79 0 
1245704244.86 0 
1245704244.92 0 
1245704244.98 0 
1245704245.05 0 
1245704245.11 0 
1245704245.18 0 
1245704245.24 0 
1245704245.3 0 
1245704245.37 0 
1245704245.43 0 
1245704245.5 0 
1245704245.56 0 
1245704245.62 0 
1245704245.69 0 
1245704245.75 0 
1245704245.82 0 
1245704245.88 0 
1245704245.94 0 
1245704246.01 0 
1245704246.07 0 
1245704246.14 0 
1245704246.2 0 
1245704246.26 0 
1245704246.33 0 
1245704246.39 0 
1245704246.46 0 
1245704246.52 0 
1245704246.58 0 
1245704246.65 0 
1245704246.71 0 
1245704246.78 0 
1245704246.84 0 
1245704246.9 0 
1245704246.97 0 
1245704247.03 0 
1245704247.1 0 
1245704247.16 0 
1245704247.22 0 
1245704247.29 0 
1245704247.35 0 
1245704247.42 0 
1245704247.48 0 
1245704247.54 0 
1245704247.61 0 
1245704247.67 0 
1245704247.74 0 
1245704247.8 0 
1245704247.86 0 
1245704247.93 0 
1245704247.99 0 
1245704248.06 0 
1245704248.12 0 
1245704248.18 0 
1245704248.25 0 
1245704248.31 0 
1245704248.38 0 
1245704248.44 0 
1245704248.5 0 
1245704248.57 0 
1245704248.63 0 
1245704248.7 0 
1245704248.76 0 
1245704248.82 0 
1245704248.89 0 
1245704248.95 0 
1245704249.02 0 
1245704249.08 0 
1245704249.15 0 
1245704249.21 0 
1245704249.27 0 
1245704249.34 0 
1245704249.4 0 
1245704249.46 0 
1245704249.53 0 
1245704249.59 0 
1245704249.66 0 
1245704249.72 0 
1245704249.78 0 
1245704249.85 0 
1245704249.91 0 
1245704249.98 0 
1245704250.04 0 
1245704250.1 0 
1245704250.17 0 
1245704250.23 0 
1245704250.29 0 
1245704250.36 0 
1245704250.42 0 
1245704250.49 0 
1245704250.55 0 
1245704250.61 0 
1245704250.68 0 
1245704250.74 0 
1245704250.81 0 
1245704250.87 0 
1245704250.93 0 
1245704251.0 0 
1245704251.06 0 
1245704251.13 0 
1245704251.19 0 
1245704251.25 0 
1245704251.33 0 
1245704251.4 0 
1245704251.46 0 
1245704251.53 0 
1245704251.59 0 
1245704251.65 0 
1245704251.72 0 
1245704251.78 0 
1245704251.85 0 
1245704251.91 0 
1245704251.98 0 
1245704252.04 0 
1245704252.1 0 
1245704252.17 0 
1245704252.23 0 
1245704252.29 0 
1245704252.36 0 
1245704252.42 0 
1245704252.49 0 
1245704252.55 0 
1245704252.61 0 
1245704252.68 0 
1245704252.74 0 
1245704252.81 0 
1245704252.87 0 
1245704252.93 0 
1245704253.0 0 
1245704253.06 0 
1245704253.13 0 
1245704253.19 0 
1245704253.25 0 
1245704253.32 0 
1245704253.38 0 
1245704253.45 0 
1245704253.51 0 
1245704253.57 0 
1245704253.64 0 
1245704253.7 0 
1245704253.77 0 
1245704253.83 0 
1245704253.89 0 
1245704253.96 0 
1245704254.02 0 
1245704254.09 0 
1245704254.15 0 
1245704254.21 0 
1245704254.28 0 
1245704254.34 0 
1245704254.41 0 
1245704254.47 0 
1245704254.53 0 
1245704254.6 0 
1245704254.67 0 
1245704254.74 0 
1245704254.81 0 
1245704254.87 0 
1245704254.93 0 
1245704255.0 0 
1245704255.06 0 
1245704255.13 0 
1245704255.19 0 
1245704255.25 0 
1245704255.32 0 
1245704255.38 0 
1245704255.45 0 
1245704255.51 0 
1245704255.57 0 
1245704255.64 0 
1245704255.7 0 
1245704255.77 0 
1245704255.83 0 
1245704255.89 0 
1245704255.96 0 
1245704256.02 0 
1245704256.09 0 
1245704256.15 0 
1245704256.21 0 
1245704256.28 0 
1245704256.34 0 
1245704256.41 0 
1245704256.47 0 
1245704256.53 0 
1245704256.6 0 
1245704256.66 0 
1245704256.73 0 
1245704256.79 0 
1245704256.85 0 
1245704256.92 0 
1245704256.98 0 
1245704257.05 0 
1245704257.11 0 
1245704257.17 0 
1245704257.24 0 
1245704257.3 0 
1245704257.37 0 
1245704257.43 0 
1245704257.49 0 
1245704257.56 0 
1245704257.62 0 
1245704257.69 0 
1245704257.75 0 
1245704257.81 0 
1245704257.88 0 
1245704257.94 0 
1245704258.01 0 
1245704258.07 0 
1245704258.13 0 
1245704258.2 0 
1245704258.26 0 
1245704258.33 0 
1245704258.39 0 
1245704258.45 0 
1245704258.52 0 
1245704258.58 0 
1245704258.65 0 
1245704258.71 0 
1245704258.77 0 
1245704258.84 0 
1245704258.9 0 
1245704258.97 0 
1245704259.03 0 
1245704259.09 0 
1245704259.16 0 
1245704259.22 0 
1245704259.29 0 
1245704259.35 0 
1245704259.41 0 
1245704259.48 0 
1245704259.54 0 
1245704259.61 0 
1245704259.67 0 
1245704259.73 0 
1245704259.8 0 
1245704259.86 0 
1245704259.93 0 
1245704259.99 0 
1245704260.05 0 
1245704260.12 0 
1245704260.18 0 
1245704260.25 0 
1245704260.31 0 
1245704260.37 0 
1245704260.44 0 
1245704260.5 0 
1245704260.57 0 
1245704260.63 0 
1245704260.69 0 
1245704260.76 0 
1245704260.82 0 
1245704260.89 0 
1245704260.95 0 
1245704261.01 0 
1245704261.08 0 
1245704261.14 0 
1245704261.2 0 
1245704261.27 0 
1245704261.33 0 
1245704261.4 0 
1245704261.46 0 
1245704261.53 0 
1245704261.59 0 
1245704261.65 0 
1245704261.72 0 
1245704261.78 0 
1245704261.84 0 
1245704261.91 0 
1245704261.97 0 
1245704262.04 0 
1245704262.1 0 
1245704262.16 0 
1245704262.23 0 
1245704262.29 0 
1245704262.36 0 
1245704262.42 0 
1245704262.49 0 
1245704262.55 0 
1245704262.61 0 
1245704262.68 0 
1245704262.74 0 
1245704262.8 0 
1245704262.87 0 
1245704262.93 0 
1245704263.0 0 
1245704263.06 0 
1245704263.13 0 
1245704263.19 0 
1245704263.25 0 
1245704263.32 0 
1245704263.38 0 
1245704263.45 0 
1245704263.51 0 
1245704263.57 0 
1245704263.64 0 
1245704263.7 0 
1245704263.76 0 
1245704263.83 0 
1245704263.89 0 
1245704263.96 0 
1245704264.02 0 
1245704264.09 0 
1245704264.15 0 
1245704264.21 0 
1245704264.28 0 
1245704264.34 0 
1245704264.41 0 
1245704264.47 0 
1245704264.53 0 
1245704264.6 0 
1245704264.66 0 
1245704264.73 0 
1245704264.79 0 
1245704264.85 0 
1245704264.92 0 
1245704264.98 0 
1245704265.04 0 
1245704265.11 0 
1245704265.17 0 
1245704265.24 0 
1245704265.3 0 
1245704265.36 0 
1245704265.43 0 
1245704265.49 0 
1245704265.56 0 
1245704265.62 0 
1245704265.69 0 
1245704265.75 0 
1245704265.81 0 
1245704265.88 0 
1245704265.94 0 
1245704266.01 0 
1245704266.07 0 
1245704266.13 0 
1245704266.2 0 
1245704266.26 0 
1245704266.33 0 
1245704266.39 0 
1245704266.45 0 
1245704266.52 0 
1245704266.58 0 
1245704266.65 0 
1245704266.71 0 
1245704266.77 0 
1245704266.84 0 
1245704266.9 0 
1245704266.96 0 
1245704267.03 0 
1245704267.09 0 
1245704267.16 0 
1245704267.22 0 
1245704267.28 0 
1245704267.35 0 
1245704267.41 0 
1245704267.48 0 
1245704267.54 0 
1245704267.6 0 
1245704267.67 0 
1245704267.73 0 
1245704267.8 0 
1245704267.86 0 
1245704267.92 0 
1245704267.99 0 
1245704268.05 0 
1245704268.12 0 
1245704268.18 0 
1245704268.24 0 
1245704268.31 0 
1245704268.37 0 
1245704268.44 0 
1245704268.5 0 
1245704268.56 0 
1245704268.63 0 
1245704268.69 0 
1245704268.76 0 
1245704268.82 0 
1245704268.88 0 
1245704268.95 0 
1245704269.01 0 
1245704269.08 0 
1245704269.14 0 
1245704269.2 0 
1245704269.27 0 
1245704269.33 0 
1245704269.4 0 
1245704269.46 0 
1245704269.52 0 
1245704269.59 0 
1245704269.65 0 
1245704269.72 0 
1245704269.78 0 
1245704269.84 0 
1245704269.91 0 
1245704269.97 0 
1245704270.04 0 
1245704270.1 0 
1245704270.16 0 
1245704270.23 0 
1245704270.29 0 
1245704270.36 0 
1245704270.42 0 
1245704270.48 0 
1245704270.55 0 
1245704270.61 0 
1245704270.68 0 
1245704270.74 0 
1245704270.8 0 
1245704270.87 0 
1245704270.93 0 
1245704271.0 0 
1245704271.06 0 
1245704271.12 0 
1245704271.19 0 
1245704271.25 0 
1245704271.32 0 
1245704271.38 0 
1245704271.44 0 
1245704271.51 0 
1245704271.57 0 
1245704271.64 0 
1245704271.7 0 
1245704271.76 0 
1245704271.83 0 
1245704271.89 0 
1245704271.96 0 
1245704272.02 0 
1245704272.08 0 
1245704272.15 0 
1245704272.21 0 
1245704272.28 0 
1245704272.34 0 
1245704272.4 0 
1245704272.47 0 
1245704272.53 0 
1245704272.6 0 
1245704272.66 0 
1245704272.72 0 
1245704272.79 0 
1245704272.85 0 
1245704272.92 0 
1245704272.98 0 
1245704273.04 0 
1245704273.11 0 
1245704273.17 0 
1245704273.24 0 
1245704273.3 0 
1245704273.36 0 
1245704273.43 0 
1245704273.49 0 
1245704273.56 0 
1245704273.62 0 
1245704273.68 0 
1245704273.75 0 
1245704273.81 0 
1245704273.88 0 
1245704273.94 0 
1245704274.0 0 
1245704274.07 0 
1245704274.13 0 
1245704274.22 0 
1245704274.28 0 
1245704274.34 0 
1245704274.4 0 
1245704274.47 0 
1245704274.53 0 
1245704274.6 0 
1245704274.66 0 
1245704274.72 0 
1245704274.79 0 
1245704274.85 0 
1245704274.92 0 
1245704274.98 0 
1245704275.04 0 
1245704275.11 0 
1245704275.17 0 
1245704275.24 0 
1245704275.3 0 
1245704275.36 0 
1245704275.43 0 
1245704275.49 0 
1245704275.56 0 
1245704275.62 0 
1245704275.68 0 
1245704275.75 0 
1245704275.81 0 
1245704275.88 0 
1245704275.94 0 
1245704276.0 0 
1245704276.07 0 
1245704276.13 0 
1245704276.2 0 
1245704276.26 0 
1245704276.32 0 
1245704276.39 0 
1245704276.45 0 
1245704276.52 0 
1245704276.58 0 
1245704276.64 0 
1245704276.71 0 
1245704276.77 0 
1245704276.84 0 
1245704276.9 0 
1245704276.96 0 
1245704277.03 0 
1245704277.09 0 
1245704277.16 0 
1245704277.22 0 
1245704277.28 0 
1245704277.35 0 
1245704277.41 0 
1245704277.48 0 
1245704277.54 0 
1245704277.6 0 
1245704277.67 0 
1245704277.73 0 
1245704277.8 0 
1245704277.86 0 
1245704277.92 0 
1245704277.99 0 
1245704278.05 0 
1245704278.11 0 
1245704278.18 0 
1245704278.24 0 
1245704278.31 0 
1245704278.37 0 
1245704278.43 0 
1245704278.5 0 
1245704278.56 0 
1245704278.63 0 
1245704278.69 0 
1245704278.75 0 
1245704278.82 0 
1245704278.88 0 
1245704278.95 0 
1245704279.01 0 
1245704279.07 0 
1245704279.14 0 
1245704279.2 0 
1245704279.27 0 
1245704279.33 0 
1245704279.39 0 
1245704279.46 0 
1245704279.52 0 
1245704279.59 0 
1245704279.65 0 
1245704279.72 0 
1245704279.79 0 
1245704279.86 0 
1245704279.92 0 
1245704279.99 0 
1245704280.05 0 
1245704280.11 0 
1245704280.18 0 
1245704280.24 0 
1245704280.31 0 
1245704280.37 0 
1245704280.43 0 
1245704280.5 0 
1245704280.56 0 
1245704280.63 0 
1245704280.69 0 
1245704280.75 0 
1245704280.82 0 
1245704280.88 0 
1245704280.95 0 
1245704281.01 0 
1245704281.07 0 
1245704281.14 0 
1245704281.2 0 
1245704281.27 0 
1245704281.33 0 
1245704281.39 0 
1245704281.46 0 
1245704281.52 0 
1245704281.59 0 
1245704281.65 0 
1245704281.71 0 
1245704281.78 0 
1245704281.84 0 
1245704281.91 0 
1245704281.97 0 
1245704282.03 0 
1245704282.1 0 
1245704282.16 0 
1245704282.23 0 
1245704282.29 0 
1245704282.35 0 
1245704282.42 0 
1245704282.48 0 
1245704282.55 0 
1245704282.61 0 
1245704282.67 0 
1245704282.74 0 
1245704282.8 0 
1245704282.87 0 
1245704282.93 0 
1245704282.99 0 
1245704283.06 0 
1245704283.12 0 
1245704283.19 0 
1245704283.25 0 
1245704283.31 0 
1245704283.38 0 
1245704283.44 0 
1245704283.51 0 
1245704283.57 0 
1245704283.63 0 
1245704283.7 0 
1245704283.76 0 
1245704283.83 0 
1245704283.89 0 
1245704283.95 0 
1245704284.02 0 
1245704284.08 0 
1245704284.15 0 
1245704284.21 0 
1245704284.27 0 
1245704284.34 0 
1245704284.4 0 
1245704284.47 0 
1245704284.53 0 
1245704284.59 0 
1245704284.66 0 
1245704284.72 0 
1245704284.79 0 
1245704284.85 0 
1245704284.91 0 
1245704284.98 0 
1245704285.04 0 
1245704285.11 0 
1245704285.17 0 
1245704285.23 0 
1245704285.3 0 
1245704285.36 0 
1245704285.43 0 
1245704285.49 0 
1245704285.55 0 
1245704285.62 0 
1245704285.68 0 
1245704285.75 0 
1245704285.81 0 
1245704285.87 0 
1245704285.94 0 
1245704286.0 0 
1245704286.07 0 
1245704286.13 0 
1245704286.19 0 
1245704286.26 0 
1245704286.32 0 
1245704286.39 0 
1245704286.45 0 
1245704286.51 0 
1245704286.58 0 
1245704286.64 0 
1245704286.71 0 
1245704286.77 0 
1245704286.83 0 
1245704286.9 0 
1245704286.96 0 
1245704287.03 0 
1245704287.09 0 
1245704287.15 0 
1245704287.22 0 
1245704287.28 0 
1245704287.35 0 
1245704287.41 0 
1245704287.47 0 
1245704287.54 0 
1245704287.6 0 
1245704287.67 0 
1245704287.73 0 
1245704287.79 0 
1245704287.86 0 
1245704287.92 0 
1245704287.99 0 
1245704288.05 0 
1245704288.11 0 
1245704288.18 0 
1245704288.24 0 
1245704288.31 0 
1245704288.37 0 
1245704288.43 0 
1245704288.5 0 
1245704288.56 0 
1245704288.63 0 
1245704288.69 0 
1245704288.75 0 
1245704288.82 0 
1245704288.88 0 
1245704288.95 0 
1245704289.01 0 
1245704289.07 0 
1245704289.14 0 
1245704289.2 0 
1245704289.26 0 
1245704289.33 0 
1245704289.39 0 
1245704289.46 0 
1245704289.52 0 
1245704289.58 0 
1245704289.65 0 
1245704289.71 0 
1245704289.78 0 
1245704289.84 0 
1245704289.9 0 
1245704289.97 0 
1245704290.03 0 
1245704290.1 0 
1245704290.16 0 
1245704290.22 0 
1245704290.29 0 
1245704290.35 0 
1245704290.42 0 
1245704290.48 0 
1245704290.54 0 
1245704290.61 0 
1245704290.67 0 
1245704290.74 0 
1245704290.8 0 
1245704290.86 0 
1245704290.93 0 
1245704290.99 0 
1245704291.06 0 
1245704291.12 0 
1245704291.18 0 
1245704291.25 0 
1245704291.31 0 
1245704291.38 0 
1245704291.44 0 
1245704291.51 0 
1245704291.57 0 
1245704291.63 0 
1245704291.7 0 
1245704291.76 0 
1245704291.83 0 
1245704291.89 0 
1245704291.95 0 
1245704292.02 0 
1245704292.08 0 
1245704292.14 0 
1245704292.21 0 
1245704292.27 0 
1245704292.34 0 
1245704292.4 0 
1245704292.46 0 
1245704292.53 0 
1245704292.59 0 
1245704292.66 0 
1245704292.72 0 
1245704292.79 0 
1245704292.85 0 
1245704292.91 0 
1245704292.98 0 
1245704293.04 0 
1245704293.1 0 
1245704293.17 0 
1245704293.23 0 
1245704293.3 0 
1245704293.36 0 
1245704293.43 0 
1245704293.49 0 
1245704293.55 0 
1245704293.62 0 
1245704293.68 0 
1245704293.74 0 
1245704293.81 0 
1245704293.87 0 
1245704293.94 0 
1245704294.0 0 
1245704294.06 0 
1245704294.13 0 
1245704294.19 0 
1245704294.26 0 
1245704294.32 0 
1245704294.39 0 
1245704294.45 0 
1245704294.51 0 
1245704294.58 0 
1245704294.64 0 
1245704294.71 0 
1245704294.77 0 
1245704294.83 0 
1245704294.9 0 
1245704294.96 0 
1245704295.02 0 
1245704295.09 0 
1245704295.15 0 
1245704295.22 0 
1245704295.28 0 
1245704295.34 0 
1245704295.41 0 
1245704295.47 0 
1245704295.54 0 
1245704295.6 0 
1245704295.66 0 
1245704295.73 0 
1245704295.79 0 
1245704295.86 0 
1245704295.92 0 
1245704295.98 0 
1245704296.05 0 
1245704296.11 0 
1245704296.18 0 
1245704296.24 0 
1245704296.3 0 
1245704296.37 0 
1245704296.43 0 
1245704296.5 0 
1245704296.56 0 
1245704296.62 0 
1245704296.69 0 
1245704296.75 0 
1245704296.82 0 
1245704296.88 0 
1245704296.94 0 
1245704297.01 0 
1245704297.07 0 
1245704297.14 0 
1245704297.2 0 
1245704297.26 0 
1245704297.33 0 
1245704297.39 0 
1245704297.46 0 
1245704297.53 0 
1245704297.6 0 
1245704297.66 0 
1245704297.73 0 
1245704297.79 0 
1245704297.86 0 
1245704297.92 0 
1245704297.98 0 
1245704298.05 0 
1245704298.11 0 
1245704298.18 0 
1245704298.24 0 
1245704298.3 0 
1245704298.37 0 
1245704298.43 0 
1245704298.5 0 
1245704298.56 0 
1245704298.62 0 
1245704298.69 0 
1245704298.75 0 
1245704298.82 0 
1245704298.88 0 
1245704298.94 0 
1245704299.01 0 
1245704299.07 0 
1245704299.14 0 
1245704299.2 0 
1245704299.26 0 
1245704299.33 0 
1245704299.39 0 
1245704299.46 0 
1245704299.52 0 
1245704299.58 0 
1245704299.65 0 
1245704299.71 0 
1245704299.78 0 
1245704299.84 0 
1245704299.9 0 
1245704299.97 0 
1245704300.03 0 
1245704300.1 0 
1245704300.16 0 
1245704300.22 0 
1245704300.29 0 
1245704300.35 0 
1245704300.42 0 
1245704300.48 0 
1245704300.54 0 
1245704300.61 0 
1245704300.67 0 
1245704300.73 0 
1245704300.8 0 
1245704300.86 0 
1245704300.93 0 
1245704300.99 0 
1245704301.06 0 
1245704301.12 0 
1245704301.18 0 
1245704301.25 0 
1245704301.32 0 
1245704301.38 0 
1245704301.44 0 
1245704301.5 0 
1245704301.57 0 
1245704301.63 0 
1245704301.7 0 
1245704301.76 0 
1245704301.82 0 
1245704301.89 0 
1245704301.95 0 
1245704302.02 0 
1245704302.08 0 
1245704302.14 0 
1245704302.21 0 
1245704302.27 0 
1245704302.34 0 
1245704302.4 0 
1245704302.46 0 
1245704302.53 0 
1245704302.59 0 
1245704302.66 0 
1245704302.72 0 
1245704302.78 0 
1245704302.85 0 
1245704302.91 0 
1245704302.98 0 
1245704303.04 0 
1245704303.1 0 
1245704303.17 0 
1245704303.23 0 
1245704303.3 0 
1245704303.36 0 
1245704303.42 0 
1245704303.49 0 
1245704303.55 0 
1245704303.62 0 
1245704303.68 0 
1245704303.74 0 
1245704303.81 0 
1245704303.87 0 
1245704303.93 0 
1245704304.0 0 
1245704304.06 0 
1245704304.13 0 
1245704304.19 0 
1245704304.26 0 
1245704304.32 0 
1245704304.38 0 
1245704304.45 0 
1245704304.52 0 
1245704304.58 0 
1245704304.64 0 
1245704304.7 0 
1245704304.77 0 
1245704304.83 0 
1245704304.89 0 
1245704304.96 0 
1245704305.02 0 
1245704305.09 0 
1245704305.15 0 
1245704305.22 0 
1245704305.28 0 
1245704305.34 0 
1245704305.41 0 
1245704305.48 0 
1245704305.54 0 
1245704305.6 0 
1245704305.66 0 
1245704305.73 0 
1245704305.79 0 
1245704305.86 0 
1245704305.92 0 
1245704305.98 0 
1245704306.05 0 
1245704306.11 0 
1245704306.17 0 
1245704306.24 0 
1245704306.3 0 
1245704306.37 0 
1245704306.43 0 
1245704306.49 0 
1245704306.56 0 
1245704306.62 0 
1245704306.69 0 
1245704306.75 0 
1245704306.81 0 
1245704306.88 0 
1245704306.94 0 
1245704307.01 0 
1245704307.07 0 
1245704307.13 0 
1245704307.2 0 
1245704307.26 0 
1245704307.33 0 
1245704307.39 0 
1245704307.45 0 
1245704307.52 0 
1245704307.58 0 
1245704307.65 0 
1245704307.71 0 
1245704307.77 0 
1245704307.84 0 
1245704307.9 0 
1245704307.97 0 
1245704308.03 0 
1245704308.09 0 
1245704308.16 0 
1245704308.22 0 
1245704308.29 0 
1245704308.35 0 
1245704308.41 0 
1245704308.48 0 
1245704308.54 0 
1245704308.61 0 
1245704308.67 0 
1245704308.73 0 
1245704308.8 0 
1245704308.86 0 
1245704308.93 0 
1245704308.99 0 
1245704309.05 0 
1245704309.12 0 
1245704309.18 0 
1245704309.25 0 
1245704309.31 0 
1245704309.37 0 
1245704309.44 0 
1245704309.5 0 
1245704309.57 0 
1245704309.63 0 
1245704309.69 0 
1245704309.76 0 
1245704309.82 0 
1245704309.89 0 
1245704309.95 0 
1245704310.01 0 
1245704310.08 0 
1245704310.14 0 
1245704310.21 0 
1245704310.27 0 
1245704310.33 0 
1245704310.4 0 
1245704310.46 0 
1245704310.53 0 
1245704310.59 0 
1245704310.65 0 
1245704310.72 0 
1245704310.78 0 
1245704310.85 0 
1245704310.91 0 
1245704310.97 0 
1245704311.04 0 
1245704311.1 0 
1245704311.17 0 
1245704311.23 0 
1245704311.29 0 
1245704311.36 0 
1245704311.42 0 
1245704311.49 0 
1245704311.55 0 
1245704311.61 0 
1245704311.68 0 
1245704311.74 0 
1245704311.81 0 
1245704311.87 0 
1245704311.93 0 
1245704312.0 0 
1245704312.06 0 
1245704312.13 0 
1245704312.19 0 
1245704312.25 0 
1245704312.32 0 
1245704312.38 0 
1245704312.45 0 
1245704312.51 0 
1245704312.57 0 
1245704312.64 0 
1245704312.7 0 
1245704312.77 0 
1245704312.83 0 
1245704312.89 0 
1245704312.96 0 
1245704313.02 0 
1245704313.09 0 
1245704313.15 0 
1245704313.21 0 
1245704313.28 0 
1245704313.34 0 
1245704313.41 0 
1245704313.47 0 
1245704313.53 0 
1245704313.6 0 
1245704313.66 0 
1245704313.73 0 
1245704313.79 0 
1245704313.85 0 
1245704313.92 0 
1245704313.98 0 
1245704314.05 0 
1245704314.11 0 
1245704314.17 0 
1245704314.24 0 
1245704314.3 0 
1245704314.37 0 
1245704314.43 0 
1245704314.49 0 
1245704314.56 0 
1245704314.62 0 
1245704314.69 0 
1245704314.75 0 
1245704314.81 0 
1245704314.88 0 
1245704314.94 0 
1245704315.01 0 
1245704315.07 0 
1245704315.13 0 
1245704315.2 0 
1245704315.26 0 
1245704315.33 0 
1245704315.39 0 
1245704315.45 0 
1245704315.52 0 
1245704315.58 0 
1245704315.65 0 
1245704315.71 0 
1245704315.77 0 
1245704315.84 0 
1245704315.9 0 
1245704315.97 0 
1245704316.03 0 
1245704316.09 0 
1245704316.16 0 
1245704316.22 0 
1245704316.29 0 
1245704316.35 0 
1245704316.41 0 
1245704316.48 0 
1245704316.54 0 
1245704316.61 0 
1245704316.67 0 
1245704316.73 0 
1245704316.8 0 
1245704316.86 0 
1245704316.93 0 
1245704316.99 0 
1245704317.05 0 
1245704317.12 0 
1245704317.18 0 
1245704317.25 0 
1245704317.31 0 
1245704317.37 0 
1245704317.45 0 
1245704317.5 0 
1245704317.56 0 
1245704317.63 0 
1245704317.69 0 
1245704317.76 0 
1245704317.82 0 
1245704317.88 0 
1245704317.95 0 
1245704318.01 0 
1245704318.08 0 
1245704318.14 0 
1245704318.2 0 
1245704318.27 0 
1245704318.33 0 
1245704318.4 0 
1245704318.46 0 
1245704318.52 0 
1245704318.59 0 
1245704318.65 0 
1245704318.72 0 
1245704318.78 0 
1245704318.84 0 
1245704318.91 0 
1245704318.97 0 
1245704319.04 0 
1245704319.1 0 
1245704319.16 0 
1245704319.23 0 
1245704319.29 0 
1245704319.36 0 
1245704319.42 0 
1245704319.48 0 
1245704319.55 0 
1245704319.61 0 
1245704319.68 0 
1245704319.74 0 
1245704319.8 0 
1245704319.87 0 
1245704319.93 0 
1245704320.0 0 
1245704320.06 0 
1245704320.12 0 
1245704320.19 0 
1245704320.25 0 
1245704320.32 0 
1245704320.38 0 
1245704320.44 0 
1245704320.51 0 
1245704320.57 0 
1245704320.64 0 
1245704320.7 0 
1245704320.76 0 
1245704320.83 0 
1245704320.89 0 
1245704320.96 0 
1245704321.02 0 
1245704321.08 0 
1245704321.15 0 
1245704321.21 0 
1245704321.28 0 
1245704321.34 0 
1245704321.4 0 
1245704321.47 0 
1245704321.53 0 
1245704321.6 0 
1245704321.66 0 
1245704321.73 0 
1245704321.79 0 
1245704321.85 0 
1245704321.92 0 
1245704321.98 0 
1245704322.04 0 
1245704322.11 0 
1245704322.17 0 
1245704322.24 0 
1245704322.3 0 
1245704322.36 0 
1245704322.43 0 
1245704322.49 0 
1245704322.56 0 
1245704322.62 0 
1245704322.68 0 
1245704322.75 0 
1245704322.81 0 
1245704322.88 0 
1245704322.94 0 
1245704323.0 0 
1245704323.07 0 
1245704323.13 0 
1245704323.2 0 
1245704323.26 0 
1245704323.32 0 
1245704323.39 0 
1245704323.45 0 
1245704323.52 0 
1245704323.58 0 
1245704323.64 0 
1245704323.71 0 
1245704323.77 0 
1245704323.84 0 
1245704323.9 0 
1245704323.96 0 
1245704324.03 0 
1245704324.09 0 
1245704324.16 0 
1245704324.22 0 
1245704324.28 0 
1245704324.35 0 
1245704324.41 0 
1245704324.48 0 
1245704324.54 0 
1245704324.6 0 
1245704324.67 0 
1245704324.73 0 
1245704324.8 0 
1245704324.86 0 
1245704324.92 0 
1245704324.99 0 
1245704325.05 0 
1245704325.12 0 
1245704325.18 0 
1245704325.24 0 
1245704325.31 0 
1245704325.37 0 
1245704325.44 0 
1245704325.5 0 
1245704325.56 0 
1245704325.63 0 
1245704325.69 0 
1245704325.76 0 
1245704325.82 0 
1245704325.88 0 
1245704325.95 0 
1245704326.01 0 
1245704326.08 0 
1245704326.14 0 
1245704326.2 0 
1245704326.27 0 
1245704326.33 0 
1245704326.4 0 
1245704326.46 0 
1245704326.52 0 
1245704326.59 0 
1245704326.65 0 
1245704326.72 0 
1245704326.78 0 
1245704326.84 0 
1245704326.91 0 
1245704326.97 0 
1245704327.04 0 
1245704327.1 0 
1245704327.16 0 
1245704327.23 0 
1245704327.29 0 
1245704327.36 0 
1245704327.42 0 
1245704327.48 0 
1245704327.55 0 
1245704327.61 0 
1245704327.68 0 
1245704327.74 0 
1245704327.8 0 
1245704327.87 0 
1245704327.93 0 
1245704328.0 0 
1245704328.06 0 
1245704328.12 0 
1245704328.19 0 
1245704328.25 0 
1245704328.32 0 
1245704328.38 0 
1245704328.44 0 
1245704328.51 0 
1245704328.57 0 
1245704328.64 0 
1245704328.7 0 
1245704328.76 0 
1245704328.83 0 
1245704328.89 0 
1245704328.96 0 
1245704329.02 0 
1245704329.08 0 
1245704329.15 0 
1245704329.21 0 
1245704329.28 0 
1245704329.34 0 
1245704329.4 0 
1245704329.47 0 
1245704329.53 0 
1245704329.6 0 
1245704329.66 0 
1245704329.72 0 
1245704329.79 0 
1245704329.85 0 
1245704329.91 0 
1245704329.98 0 
1245704330.04 0 
1245704330.11 0 
1245704330.17 0 
1245704330.24 0 
1245704330.3 0 
1245704330.36 0 
1245704330.43 0 
1245704330.49 0 
1245704330.56 0 
1245704330.62 0 
1245704330.68 0 
1245704330.75 0 
1245704330.81 0 
1245704330.88 0 
1245704330.94 0 
1245704331.0 0 
1245704331.07 0 
1245704331.13 0 
1245704331.2 0 
1245704331.26 0 
1245704331.32 0 
1245704331.39 0 
1245704331.45 0 
1245704331.52 0 
1245704331.58 0 
1245704331.64 0 
1245704331.71 0 
1245704331.77 0 
1245704331.83 0 
1245704331.9 0 
1245704331.96 0 
1245704332.03 0 
1245704332.09 0 
1245704332.15 0 
1245704332.22 0 
1245704332.28 0 
1245704332.35 0 
1245704332.41 0 
1245704332.48 0 
1245704332.54 0 
1245704332.6 0 
1245704332.67 0 
1245704332.73 0 
1245704332.8 0 
1245704332.86 0 
1245704332.92 0 
1245704332.99 0 
1245704333.05 0 
1245704333.12 0 
1245704333.18 0 
1245704333.24 0 
1245704333.31 0 
1245704333.37 0 
1245704333.44 0 
1245704333.5 0 
1245704333.56 0 
1245704333.63 0 
1245704333.69 0 
1245704333.76 0 
1245704333.82 0 
1245704333.88 0 
1245704333.95 0 
1245704334.01 0 
1245704334.08 0 
1245704334.14 0 
1245704334.2 0 
1245704334.27 0 
1245704334.33 0 
1245704334.39 0 
1245704334.46 0 
1245704334.52 0 
1245704334.59 0 
1245704334.65 0 
1245704334.71 0 
1245704334.78 0 
1245704334.84 0 
1245704334.91 0 
1245704334.97 0 
1245704335.03 0 
1245704335.1 0 
1245704335.16 0 
1245704335.23 0 
1245704335.29 0 
1245704335.35 0 
1245704335.42 0 
1245704335.48 0 
1245704335.55 0 
1245704335.61 0 
1245704335.67 0 
1245704335.74 0 
1245704335.8 0 
1245704335.87 0 
1245704335.93 0 
1245704335.99 0 
1245704336.06 0 
1245704336.12 0 
1245704336.19 0 
1245704336.25 0 
1245704336.31 0 
1245704336.38 0 
1245704336.44 0 
1245704336.51 0 
1245704336.57 0 
1245704336.63 0 
1245704336.7 0 
1245704336.76 0 
1245704336.83 0 
1245704336.89 0 
1245704336.95 0 
1245704337.02 0 
1245704337.08 0 
1245704337.15 0 
1245704337.21 0 
1245704337.27 0 
1245704337.34 0 
1245704337.4 0 
1245704337.47 0 
1245704337.53 0 
1245704337.6 0 
1245704337.66 0 
1245704337.72 0 
1245704337.79 0 
1245704337.85 0 
1245704337.91 0 
1245704337.98 0 
1245704338.04 0 
1245704338.11 0 
1245704338.17 0 
1245704338.23 0 
1245704338.3 0 
1245704338.36 0 
1245704338.43 0 
1245704338.49 0 
1245704338.55 0 
1245704338.62 0 
1245704338.69 0 
1245704338.75 0 
1245704338.81 0 
1245704338.87 0 
1245704338.94 0 
1245704339.0 0 
