1245700580.67 0 
1245700580.74 0 
1245700580.81 0 
1245700580.87 0 
1245700580.94 0 
1245700581.0 0 
1245700581.07 0 
1245700581.14 0 
1245700581.22 0 
1245700581.29 0 
1245700581.35 0 
1245700581.42 0 
1245700581.48 0 
1245700581.54 0 
1245700581.61 0 
1245700581.67 0 
1245700581.74 0 
1245700581.8 0 
1245700581.86 0 
1245700581.93 0 
1245700581.99 0 
1245700582.06 0 
1245700582.12 0 
1245700582.18 0 
1245700582.25 0 
1245700582.31 0 
1245700582.38 0 
1245700582.44 0 
1245700582.5 0 
1245700582.57 0 
1245700582.63 0 
1245700582.7 0 
