1245886325.07 7 00000000000000000e001170 83 00000000000000000e00115e 86 00000000000000000e00114e 89 00000000000000000e001158 84 00000000000000000e001160 80 00000000000000000f001141 82 00000000000000000f001151 81
1245886325.27 10 00000000000000000e00114e 88 00000000000000000f00115f 80 00000000000000000f001151 82 00000000000000000f001141 83 00000000000000000e001158 83 00000000000000000e00114a 81 00000000000000000e001160 84 00000000000000000e00115e 82 00000000000000000e001154 79 00000000000000000e001170 83
1245886325.45 8 00000000000000000e00114e 89 00000000000000000e001170 84 00000000000000000e00114a 83 00000000000000000e00115e 82 00000000000000000f001141 84 00000000000000000e001160 83 00000000000000000f001151 81 00000000000000000f00115f 80
1245886325.64 6 00000000000000000e00114e 88 00000000000000000e001170 84 00000000000000000e00115e 86 00000000000000000e001158 81 00000000000000000e001160 80 00000000000000000f001141 82
1245886325.82 7 00000000000000000e00114e 88 00000000000000000f001151 83 00000000000000000e001160 86 00000000000000000e001154 79 00000000000000000f00115f 79 00000000000000000e00114a 81 00000000000000000f001141 83
1245886326.01 7 00000000000000000e00114e 89 00000000000000000e001160 88 00000000000000000e001170 80 00000000000000000e00114a 82 00000000000000000e001158 80 00000000000000000f001141 87 00000000000000000f001151 84
1245886326.19 8 00000000000000000e00114e 89 00000000000000000e00115e 83 00000000000000000f001141 82 00000000000000000e001170 81 00000000000000000e001160 84 00000000000000000f00115b 80 00000000000000000f00114f 79 00000000000000000e001158 83
1245886326.37 7 00000000000000000e00114e 91 00000000000000000e001158 81 00000000000000000e00115e 85 00000000000000000e001160 84 00000000000000000f00115b 83 00000000000000000f001141 85 00000000000000000e00114a 84
1245886326.56 10 00000000000000000e00114e 89 00000000000000000e001158 81 00000000000000000e001170 79 00000000000000000f00114f 79 00000000000000000e001160 84 00000000000000000f001141 86 00000000000000000e00115e 85 00000000000000000e00115c 82 00000000000000000e001154 82 00000000000000000e00114a 88
1245886326.74 8 00000000000000000e00115e 88 00000000000000000e001160 82 00000000000000000e00114e 91 00000000000000000e001158 84 00000000000000000f001141 86 00000000000000000e00114a 83 00000000000000000e001170 79 00000000000000000f00114f 79
1245886326.93 8 00000000000000000e001160 86 00000000000000000e00114e 88 00000000000000000f001141 84 00000000000000000e00115e 85 00000000000000000e001158 79 00000000000000000e00114a 79 00000000000000000f00114f 82 00000000000000000e001170 84
1245886327.11 7 00000000000000000e00114a 88 00000000000000000e00115c 84 00000000000000000e00114e 91 00000000000000000f001141 82 00000000000000000f00114f 83 00000000000000000f00115b 76 00000000000000000e00115e 83
1245886327.29 12 00000000000000000e00114e 92 00000000000000000e00115c 84 00000000000000000e00114a 87 00000000000000000f001141 80 00000000000000000f00114f 87 00000000000000000e00115e 83 00000000000000000e001154 80 00000000000000000f00115b 80 00000000000000000e001170 80 00000000000000000e001160 80 00000000000000000e001158 79 00000000000000000f00115f 81
1245886327.48 8 00000000000000000e00115e 86 00000000000000000e00114e 89 00000000000000000f001141 84 00000000000000000e001158 87 00000000000000000e001160 82 00000000000000000f00114f 79 00000000000000000f00115b 83 00000000000000000e001170 81
1245886327.67 9 00000000000000000e001160 88 00000000000000000f00114f 81 00000000000000000f00115f 79 00000000000000000e00114e 88 00000000000000000f001141 89 00000000000000000e00115e 87 00000000000000000e001158 82 00000000000000000f00115b 82 00000000000000000e001170 80
1245886327.85 9 00000000000000000f00114f 87 00000000000000000e00115c 84 00000000000000000e001160 82 00000000000000000f001141 85 00000000000000000e00115e 82 00000000000000000e00114e 81 00000000000000000e00114a 85 00000000000000000e001170 83 00000000000000000e001158 80
1245886328.03 9 00000000000000000f00114f 89 00000000000000000e00115e 84 00000000000000000e00115c 84 00000000000000000e001160 89 00000000000000000e001158 81 00000000000000000f001141 89 00000000000000000e001170 85 00000000000000000e00114a 88 00000000000000000e00114e 82
1245886328.22 5 00000000000000000e001170 83 00000000000000000f001141 87 00000000000000000f00114f 82 00000000000000000e00115e 83 00000000000000000e001160 88
1245886328.4 8 00000000000000000f00114f 91 00000000000000000e00114a 85 00000000000000000e001160 85 00000000000000000e001170 86 00000000000000000e00115e 85 00000000000000000e00115c 85 00000000000000000f001141 85 00000000000000000e001158 80
1245886328.58 8 00000000000000000f001141 88 00000000000000000e00115e 87 00000000000000000e001160 87 00000000000000000f00114f 91 00000000000000000e00114a 83 00000000000000000e001170 79 00000000000000000e00115c 84 00000000000000000e001158 80
1245886328.77 8 00000000000000000f00114f 93 00000000000000000f001141 83 00000000000000000e001160 81 00000000000000000e001158 80 00000000000000000e00115e 83 00000000000000000e001170 82 00000000000000000e001150 80 00000000000000000e00115c 82
1245886328.97 9 00000000000000000f00114f 92 00000000000000000e001160 83 00000000000000000e001150 83 00000000000000000e00115e 82 00000000000000000f001141 81 00000000000000000e00115c 80 00000000000000000e001170 82 00000000000000000e001158 76 00000000000000000e00114a 81
1245886329.17 10 00000000000000000f001141 94 00000000000000000f00114f 96 00000000000000000e001158 84 00000000000000000e001154 83 00000000000000000e00115e 82 00000000000000000e001150 88 00000000000000000e001160 91 00000000000000000e00114a 82 00000000000000000e00115c 83 00000000000000000e001170 81
1245886329.35 8 00000000000000000e001150 89 00000000000000000f00114f 92 00000000000000000e001170 84 00000000000000000f001151 81 00000000000000000e001158 85 00000000000000000e00115e 88 00000000000000000e001160 79 00000000000000000e00115c 82
1245886329.55 9 00000000000000000e001160 89 00000000000000000e001150 91 00000000000000000f001141 91 00000000000000000e001170 77 00000000000000000f00114f 94 00000000000000000e001154 78 00000000000000000e00114a 84 00000000000000000e00115e 81 00000000000000000e001158 80
1245886329.74 8 00000000000000000e001160 85 00000000000000000e001150 89 00000000000000000f001141 89 00000000000000000f00114f 96 00000000000000000e00114a 80 00000000000000000e00115e 82 00000000000000000e001158 82 00000000000000000e001170 78
1245886329.92 7 00000000000000000e001160 83 00000000000000000e001170 81 00000000000000000e001150 91 00000000000000000f00114f 90 00000000000000000e00114a 84 00000000000000000f001141 82 00000000000000000e00115e 80
1245886330.11 7 00000000000000000e001160 83 00000000000000000f00114f 92 00000000000000000e00115e 83 00000000000000000f001141 82 00000000000000000e001150 82 00000000000000000e00114a 82 00000000000000000e001170 83
1245886330.29 8 00000000000000000e001150 85 00000000000000000e001158 82 00000000000000000e001160 88 00000000000000000f001141 88 00000000000000000e00115e 84 00000000000000000f00114f 86 00000000000000000e001170 81 00000000000000000e00114a 82
1245886330.47 8 00000000000000000f001141 88 00000000000000000e001150 89 00000000000000000e001158 84 00000000000000000e00114a 81 00000000000000000e00115e 85 00000000000000000e001160 83 00000000000000000e001170 84 00000000000000000f00114f 82
1245886330.66 10 00000000000000000e001160 88 00000000000000000e001150 91 00000000000000000e001158 83 00000000000000000e00115e 85 00000000000000000e001170 82 00000000000000000f001141 88 00000000000000000f00115b 81 00000000000000000f00114f 84 00000000000000000e00114a 80 00000000000000000f00115f 78
1245886330.84 9 00000000000000000e001150 91 00000000000000000f00115b 78 00000000000000000f001141 83 00000000000000000e001170 81 00000000000000000e001160 81 00000000000000000e00115e 82 00000000000000000e00114a 82 00000000000000000e001154 79 00000000000000000e001158 80
1245886331.03 7 00000000000000000e001150 88 00000000000000000e00114a 83 00000000000000000e001170 81 00000000000000000f001151 81 00000000000000000e00115e 80 00000000000000000e001158 77 00000000000000000f001141 83
1245886331.21 9 00000000000000000e001150 89 00000000000000000f00114f 83 00000000000000000e00115e 76 00000000000000000f001141 89 00000000000000000e001160 88 00000000000000000e001158 80 00000000000000000e001154 81 00000000000000000e001170 75 00000000000000000f001151 87
1245886331.4 6 00000000000000000e001158 84 00000000000000000e00115e 87 00000000000000000e001160 86 00000000000000000f001141 90 00000000000000000e001150 87 00000000000000000e00114a 83
1245886331.58 10 00000000000000000e00115e 85 00000000000000000f001141 89 00000000000000000f001151 86 00000000000000000f00115f 79 00000000000000000e001160 89 00000000000000000e001170 82 00000000000000000f00115b 80 00000000000000000e001150 87 00000000000000000e00114a 84 00000000000000000e001158 81
1245886331.77 9 00000000000000000e001170 83 00000000000000000e001158 83 00000000000000000e00114a 83 00000000000000000f00114f 87 00000000000000000e001150 83 00000000000000000f001151 84 00000000000000000e00115e 84 00000000000000000e001160 85 00000000000000000f001141 86
1245886331.97 9 00000000000000000f001151 91 00000000000000000f001141 89 00000000000000000e00115e 81 00000000000000000e001150 88 00000000000000000e001160 89 00000000000000000e00114a 84 00000000000000000e001154 78 00000000000000000e001158 79 00000000000000000e001170 76
1245886332.15 9 00000000000000000f001151 93 00000000000000000f001141 87 00000000000000000e001170 82 00000000000000000e001150 86 00000000000000000e00115e 84 00000000000000000e001160 82 00000000000000000e001158 79 00000000000000000e00114a 81 00000000000000000f00115f 80
1245886332.34 7 00000000000000000e001170 81 00000000000000000f001151 91 00000000000000000e00115e 82 00000000000000000e00114a 83 00000000000000000e001158 84 00000000000000000f001141 81 00000000000000000e001160 80
1245886332.52 6 00000000000000000f001141 83 00000000000000000e001160 80 00000000000000000f001151 96 00000000000000000e00115e 87 00000000000000000e001158 82 00000000000000000e001170 81
1245886332.7 6 00000000000000000f001141 86 00000000000000000f001151 93 00000000000000000e00115e 83 00000000000000000e001160 85 00000000000000000e001158 82 00000000000000000e001170 80
1245886332.88 7 00000000000000000e001160 85 00000000000000000e001158 81 00000000000000000f001151 90 00000000000000000e00115e 81 00000000000000000f001141 87 00000000000000000e001170 80 00000000000000000e001150 83
1245886333.07 9 00000000000000000f001151 91 00000000000000000f001141 90 00000000000000000e001160 88 00000000000000000e001158 84 00000000000000000e001170 81 00000000000000000f00115b 79 00000000000000000e001150 85 00000000000000000e00115e 81 00000000000000000e001154 76
1245886333.25 7 00000000000000000f001141 83 00000000000000000f001151 92 00000000000000000e00115e 88 00000000000000000e001160 84 00000000000000000e001158 81 00000000000000000e001150 82 00000000000000000e001170 81
1245886333.44 6 00000000000000000e00115e 82 00000000000000000e001160 89 00000000000000000f001141 89 00000000000000000f001151 92 00000000000000000e00114a 82 00000000000000000e001158 81
1245886333.62 7 00000000000000000e001170 84 00000000000000000f001141 90 00000000000000000e001158 86 00000000000000000e00115e 85 00000000000000000e001160 89 00000000000000000f001151 86 00000000000000000e001150 82
1245886333.8 7 00000000000000000f001151 84 00000000000000000f001141 89 00000000000000000e001158 82 00000000000000000e001160 87 00000000000000000e001170 78 00000000000000000e00115e 85 00000000000000000e001150 81
1245886333.99 6 00000000000000000f001151 88 00000000000000000f001141 86 00000000000000000e001170 82 00000000000000000e00115e 83 00000000000000000f00115b 80 00000000000000000e001158 79
1245886334.19 6 00000000000000000f001151 87 00000000000000000e00115e 83 00000000000000000e001158 80 00000000000000000e001170 78 00000000000000000f001141 79 00000000000000000e001160 76
1245886334.37 6 00000000000000000f001141 92 00000000000000000e001160 89 00000000000000000e00115e 84 00000000000000000f001151 78 00000000000000000e001170 83 00000000000000000e001158 83
1245886334.55 7 00000000000000000e00115e 85 00000000000000000e001170 82 00000000000000000e001158 85 00000000000000000e001160 81 00000000000000000f00115f 81 00000000000000000e00115c 84 00000000000000000f001141 82
1245886334.75 7 00000000000000000e001160 89 00000000000000000f001141 90 00000000000000000f001151 85 00000000000000000e001158 80 00000000000000000e00115e 80 00000000000000000e00115c 83 00000000000000000e001170 83
1245886334.96 9 00000000000000000e001170 83 00000000000000000f001151 86 00000000000000000e00115c 84 00000000000000000f00115f 80 00000000000000000e00115e 88 00000000000000000e001158 83 00000000000000000e001160 89 00000000000000000f001141 90 00000000000000000f00115b 82
1245886335.15 8 00000000000000000f001141 88 00000000000000000e001160 88 00000000000000000f001151 84 00000000000000000f00115b 77 00000000000000000e00115c 84 00000000000000000e00115e 84 00000000000000000e001158 77 00000000000000000e001170 77
1245886335.35 8 00000000000000000e00115c 86 00000000000000000e001158 77 00000000000000000e001160 82 00000000000000000f001141 86 00000000000000000e001170 87 00000000000000000e00115e 84 00000000000000000f001159 79 00000000000000000f001151 85
1245886335.53 8 00000000000000000e001170 89 00000000000000000e001158 84 00000000000000000f001141 78 00000000000000000e00115c 85 00000000000000000e00115e 86 00000000000000000e00114a 85 00000000000000000e001160 78 00000000000000000f00115b 77
1245886335.71 9 00000000000000000f001141 90 00000000000000000e001160 88 00000000000000000e00115c 88 00000000000000000e001158 84 00000000000000000e001154 80 00000000000000000e00115e 84 00000000000000000e00114a 85 00000000000000000f00115b 80 00000000000000000e001170 79
1245886335.9 8 00000000000000000e001170 78 00000000000000000e00114a 84 00000000000000000e00115e 87 00000000000000000e001158 84 00000000000000000f001141 81 00000000000000000e001160 81 00000000000000000f00115b 78 00000000000000000e00115c 89
1245886336.1 6 00000000000000000e00114a 83 00000000000000000e001158 80 00000000000000000e001170 81 00000000000000000f001141 82 00000000000000000e001160 82 00000000000000000e00115e 85
1245886336.28 6 00000000000000000e001170 86 00000000000000000e00115e 85 00000000000000000e001158 81 00000000000000000e00114a 80 00000000000000000e001160 80 00000000000000000e00115c 80
1245886336.48 9 00000000000000000e00114a 86 00000000000000000e001170 82 00000000000000000f001141 85 00000000000000000e00115e 84 00000000000000000e001160 81 00000000000000000e001158 80 00000000000000000f001159 80 00000000000000000f00115b 76 00000000000000000e00115c 80
1245886336.67 8 00000000000000000e00114a 83 00000000000000000f001141 87 00000000000000000f001159 81 00000000000000000e001160 85 00000000000000000e001158 82 00000000000000000e00115e 83 00000000000000000e001170 80 00000000000000000e00115c 88
1245886336.85 7 00000000000000000f001141 91 00000000000000000e00115c 87 00000000000000000f00115b 79 00000000000000000e001160 86 00000000000000000e00115e 85 00000000000000000e001158 84 00000000000000000e001170 82
1245886337.03 8 00000000000000000f001141 91 00000000000000000e001160 89 00000000000000000f001159 82 00000000000000000e00114a 82 00000000000000000e001158 76 00000000000000000e001170 81 00000000000000000e00115e 84 00000000000000000e00115c 86
1245886337.22 8 00000000000000000e001160 82 00000000000000000e00114a 83 00000000000000000e00115e 83 00000000000000000e001158 80 00000000000000000f001159 80 00000000000000000f001141 83 00000000000000000e001170 83 00000000000000000f001151 80
1245886337.42 9 00000000000000000f001151 82 00000000000000000e001160 88 00000000000000000f001159 83 00000000000000000e001170 81 00000000000000000e00114a 84 00000000000000000f001141 86 00000000000000000e001158 80 00000000000000000e00115c 83 00000000000000000e00115e 85
1245886337.6 8 00000000000000000e001170 79 00000000000000000e00114a 83 00000000000000000f001141 79 00000000000000000e00115c 83 00000000000000000e00115e 80 00000000000000000e001158 81 00000000000000000e001160 88 00000000000000000f00115b 80
1245886337.8 8 00000000000000000f001141 84 00000000000000000e001160 84 00000000000000000e00115e 84 00000000000000000e00114a 85 00000000000000000e001158 81 00000000000000000e001170 80 00000000000000000e00115c 81 00000000000000000f001153 83
1245886337.99 7 00000000000000000e001160 87 00000000000000000e001170 82 00000000000000000e00114a 87 00000000000000000f001141 88 00000000000000000e00115e 81 00000000000000000e001158 79 00000000000000000f00115b 77
1245886338.17 8 00000000000000000e00114a 89 00000000000000000f001153 82 00000000000000000e001158 82 00000000000000000e001160 85 00000000000000000e001170 83 00000000000000000e00115e 85 00000000000000000f001141 87 00000000000000000e00115c 84
1245886338.35 8 00000000000000000e00114a 90 00000000000000000e001170 78 00000000000000000e00115e 84 00000000000000000e001158 81 00000000000000000f001141 86 00000000000000000e00115c 82 00000000000000000e001160 86 00000000000000000f00115b 81
1245886338.54 8 00000000000000000e00115c 88 00000000000000000e00114a 90 00000000000000000e001158 82 00000000000000000e00115e 83 00000000000000000e001160 84 00000000000000000f001141 85 00000000000000000e001170 82 00000000000000000f001159 79
1245886338.72 8 00000000000000000e001160 88 00000000000000000e00115c 86 00000000000000000e00114a 90 00000000000000000f001141 90 00000000000000000e00115e 84 00000000000000000e001158 80 00000000000000000f001159 77 00000000000000000f001151 78
1245886338.91 10 00000000000000000e001160 83 00000000000000000e00115e 83 00000000000000000f001141 88 00000000000000000e00114a 90 00000000000000000e00115c 87 00000000000000000f001151 82 00000000000000000e001158 80 00000000000000000f001153 80 00000000000000000f001159 79 00000000000000000e001170 85
1245886339.11 7 00000000000000000e00114a 87 00000000000000000e00115e 80 00000000000000000e00115c 87 00000000000000000f001141 84 00000000000000000e001158 81 00000000000000000e001160 85 00000000000000000e001170 81
1245886339.29 9 00000000000000000e00115e 86 00000000000000000e00115c 90 00000000000000000e001160 85 00000000000000000f001141 88 00000000000000000e00114a 86 00000000000000000f001159 83 00000000000000000e001158 84 00000000000000000e001170 82 00000000000000000e00115a 82
1245886339.48 7 00000000000000000e00115e 82 00000000000000000e00114a 83 00000000000000000e001158 82 00000000000000000e001170 81 00000000000000000e001160 77 00000000000000000f001141 80 00000000000000000e00115c 80
1245886339.66 7 00000000000000000e00115c 91 00000000000000000f001141 85 00000000000000000e00114a 81 00000000000000000e00115e 80 00000000000000000e001158 80 00000000000000000e001160 81 00000000000000000e001170 83
1245886339.85 7 00000000000000000e00115c 91 00000000000000000e00115e 83 00000000000000000e001170 84 00000000000000000f001141 86 00000000000000000e001158 87 00000000000000000e001160 83 00000000000000000e001154 80
1245886340.03 9 00000000000000000e00115e 83 00000000000000000e001160 86 00000000000000000e001170 80 00000000000000000f001141 86 00000000000000000e001158 84 00000000000000000f001159 81 00000000000000000f00115f 78 00000000000000000e00115c 89 00000000000000000e001154 80
1245886340.21 9 00000000000000000f001141 86 00000000000000000e001158 77 00000000000000000e00115c 91 00000000000000000e00115e 83 00000000000000000e001160 84 00000000000000000e00115a 82 00000000000000000e001170 84 00000000000000000f001159 86 00000000000000000e00114a 79
1245886340.41 8 00000000000000000e00115c 92 00000000000000000e001158 80 00000000000000000f001159 84 00000000000000000e001160 79 00000000000000000e00115e 83 00000000000000000e001170 79 00000000000000000f001141 78 00000000000000000e00115a 82
1245886340.61 8 00000000000000000e00115e 84 00000000000000000e00115c 93 00000000000000000e001160 86 00000000000000000f001159 88 00000000000000000e001158 83 00000000000000000f001141 84 00000000000000000e001170 80 00000000000000000e00114a 87
1245886340.8 7 00000000000000000e00115c 89 00000000000000000e001160 80 00000000000000000e001158 83 00000000000000000f001141 83 00000000000000000e00115e 83 00000000000000000e00114a 81 00000000000000000f001159 81
1245886340.98 10 00000000000000000e00115c 90 00000000000000000f001141 93 00000000000000000e00115e 81 00000000000000000e001160 90 00000000000000000f001159 79 00000000000000000e00114a 81 00000000000000000e001170 80 00000000000000000e001158 81 00000000000000000f001153 81 00000000000000000f001151 80
1245886341.17 10 00000000000000000e00115c 87 00000000000000000e00115e 82 00000000000000000e00114a 79 00000000000000000e001158 80 00000000000000000e001160 80 00000000000000000f001159 83 00000000000000000f001141 85 00000000000000000e00115a 79 00000000000000000e001170 79 00000000000000000f001153 82
1245886341.36 10 00000000000000000e00115c 94 00000000000000000e00114a 83 00000000000000000e001170 77 00000000000000000e00115a 81 00000000000000000f001159 85 00000000000000000e00115e 87 00000000000000000e001160 87 00000000000000000e001158 83 00000000000000000f001141 88 00000000000000000f001153 85
1245886341.54 9 00000000000000000f001141 82 00000000000000000e001158 86 00000000000000000e00115e 86 00000000000000000e00115c 90 00000000000000000f001159 87 00000000000000000e001160 84 00000000000000000e00114a 83 00000000000000000e00115a 86 00000000000000000f001153 84
1245886341.73 9 00000000000000000f001141 86 00000000000000000f001159 90 00000000000000000e00115c 96 00000000000000000e001170 80 00000000000000000e001160 82 00000000000000000e00115a 83 00000000000000000f001151 82 00000000000000000e001158 84 00000000000000000e00115e 83
1245886341.91 9 00000000000000000f001141 85 00000000000000000e001160 83 00000000000000000e00115e 85 00000000000000000e00115c 95 00000000000000000f001159 92 00000000000000000e00115a 82 00000000000000000e001170 82 00000000000000000e001158 83 00000000000000000e00114a 80
1245886342.1 8 00000000000000000f001159 88 00000000000000000e00115e 84 00000000000000000e00115c 94 00000000000000000e001170 84 00000000000000000e001158 81 00000000000000000f001141 90 00000000000000000e00115a 86 00000000000000000f001153 81
1245886342.28 9 00000000000000000f001159 87 00000000000000000e00115c 94 00000000000000000e001160 84 00000000000000000f001141 85 00000000000000000e001158 79 00000000000000000e00115e 83 00000000000000000e001170 81 00000000000000000e00115a 80 00000000000000000e001154 79
1245886342.47 7 00000000000000000e00115c 93 00000000000000000e001160 89 00000000000000000e00115e 83 00000000000000000f001141 88 00000000000000000f001159 87 00000000000000000e00115a 86 00000000000000000e001170 83
1245886342.65 10 00000000000000000e00115a 87 00000000000000000e00115c 93 00000000000000000e001170 80 00000000000000000f001153 81 00000000000000000f001159 88 00000000000000000e001160 82 00000000000000000f001141 84 00000000000000000e001158 80 00000000000000000e00115e 81 00000000000000000e001154 80
1245886342.84 10 00000000000000000f001159 89 00000000000000000e00115c 91 00000000000000000e00115e 80 00000000000000000f001141 86 00000000000000000e001158 82 00000000000000000e001160 82 00000000000000000e001154 77 00000000000000000e001170 81 00000000000000000f00115b 80 00000000000000000e00115a 84
1245886343.04 8 00000000000000000e001160 87 00000000000000000f001141 87 00000000000000000f001159 93 00000000000000000e00115a 82 00000000000000000e00115c 91 00000000000000000e00115e 81 00000000000000000e00114a 80 00000000000000000e001158 78
1245886343.23 9 00000000000000000f00115b 79 00000000000000000f001141 90 00000000000000000e001160 89 00000000000000000e00115e 84 00000000000000000f001159 89 00000000000000000e00115c 92 00000000000000000e00115a 85 00000000000000000e001158 81 00000000000000000f001153 82
1245886343.41 6 00000000000000000e001160 86 00000000000000000f001159 92 00000000000000000f001141 88 00000000000000000e00115e 85 00000000000000000e00115c 83 00000000000000000e001158 81
1245886343.61 10 00000000000000000f001141 89 00000000000000000f001159 93 00000000000000000e001160 87 00000000000000000e001158 84 00000000000000000e00115a 80 00000000000000000f001153 82 00000000000000000e00115e 83 00000000000000000e00115c 83 00000000000000000e001170 79 00000000000000000e001154 80
1245886343.8 10 00000000000000000f001153 81 00000000000000000e00115c 82 00000000000000000f001159 92 00000000000000000e00115a 82 00000000000000000e00115e 88 00000000000000000e001158 87 00000000000000000f001141 82 00000000000000000e001160 82 00000000000000000f00115f 78 00000000000000000e001170 86
1245886343.98 6 00000000000000000e001170 81 00000000000000000f00115b 81 00000000000000000f001159 91 00000000000000000e001158 79 00000000000000000e00115e 80 00000000000000000f001141 80
1245886344.17 8 00000000000000000f001159 92 00000000000000000e001158 82 00000000000000000e00115e 82 00000000000000000e001170 80 00000000000000000f001141 88 00000000000000000e00115a 82 00000000000000000f00115f 79 00000000000000000e001160 82
1245886344.35 9 00000000000000000e001158 83 00000000000000000f001159 94 00000000000000000e00115e 87 00000000000000000e001160 86 00000000000000000e00115c 83 00000000000000000f001141 86 00000000000000000e001170 80 00000000000000000f00115b 79 00000000000000000f001153 80
1245886344.53 7 00000000000000000e00115e 81 00000000000000000f001141 88 00000000000000000f001159 93 00000000000000000e001158 82 00000000000000000e001160 83 00000000000000000e00115a 84 00000000000000000e001170 80
1245886344.72 6 00000000000000000e00115e 86 00000000000000000f001141 86 00000000000000000f001159 93 00000000000000000e001158 83 00000000000000000e001160 85 00000000000000000e00115a 82
1245886344.92 8 00000000000000000f001159 92 00000000000000000f00115b 81 00000000000000000e00115a 81 00000000000000000e001158 78 00000000000000000f001141 80 00000000000000000e00115e 81 00000000000000000e001160 82 00000000000000000e001170 77
1245886345.12 9 00000000000000000e001158 80 00000000000000000f001159 91 00000000000000000e00115e 83 00000000000000000e001170 79 00000000000000000e001160 80 00000000000000000f00115b 80 00000000000000000e00115a 84 00000000000000000f001141 84 00000000000000000f001153 79
1245886345.3 8 00000000000000000f001159 91 00000000000000000e001158 79 00000000000000000e001160 86 00000000000000000e00115e 84 00000000000000000f001141 85 00000000000000000f00115b 81 00000000000000000e001170 78 00000000000000000e00115a 84
1245886345.49 8 00000000000000000f001159 91 00000000000000000e001158 82 00000000000000000e001170 79 00000000000000000e00115e 81 00000000000000000f001141 88 00000000000000000e001160 88 00000000000000000e00115c 81 00000000000000000f00115b 80
1245886345.67 9 00000000000000000e00115a 83 00000000000000000f001141 89 00000000000000000f001159 88 00000000000000000e001160 86 00000000000000000f00115f 81 00000000000000000e00115e 83 00000000000000000e001170 80 00000000000000000f001153 80 00000000000000000e001158 83
1245886345.85 8 00000000000000000f001159 91 00000000000000000e001158 83 00000000000000000e001170 78 00000000000000000e001160 80 00000000000000000e00115e 81 00000000000000000f001141 90 00000000000000000e00115a 84 00000000000000000f00115f 80
1245886346.04 8 00000000000000000f001159 94 00000000000000000e001170 81 00000000000000000e00115a 83 00000000000000000e001158 80 00000000000000000e00115e 81 00000000000000000f001141 85 00000000000000000f001153 81 00000000000000000e001160 81
1245886346.22 7 00000000000000000e00115a 81 00000000000000000e00115c 82 00000000000000000e00115e 82 00000000000000000f001159 91 00000000000000000e001160 89 00000000000000000f001141 90 00000000000000000e001158 83
1245886346.41 8 00000000000000000e00115e 80 00000000000000000f001159 93 00000000000000000e00115a 83 00000000000000000e001170 80 00000000000000000e001158 79 00000000000000000e001160 80 00000000000000000f001141 82 00000000000000000f001153 81
1245886346.59 8 00000000000000000f001141 89 00000000000000000e00115e 81 00000000000000000f001159 91 00000000000000000e00115a 82 00000000000000000e001160 87 00000000000000000e001170 80 00000000000000000e001158 84 00000000000000000f001153 81
1245886346.77 6 00000000000000000e001158 83 00000000000000000e00115e 83 00000000000000000f001159 90 00000000000000000e00115a 85 00000000000000000f001141 88 00000000000000000e001160 86
1245886346.96 6 00000000000000000f001159 91 00000000000000000e001158 82 00000000000000000e00115e 81 00000000000000000f00115b 80 00000000000000000e001170 80 00000000000000000f001141 80
1245886347.14 7 00000000000000000f001159 94 00000000000000000e001160 86 00000000000000000f001141 87 00000000000000000e001158 81 00000000000000000e00115e 83 00000000000000000e001170 78 00000000000000000e00115c 87
1245886347.33 8 00000000000000000e001160 82 00000000000000000f001159 90 00000000000000000f001141 86 00000000000000000f00115b 80 00000000000000000e001158 79 00000000000000000e001170 82 00000000000000000e00115a 81 00000000000000000e00115e 80
1245886347.51 6 00000000000000000e001158 81 00000000000000000f001159 91 00000000000000000e00115e 82 00000000000000000e00115c 82 00000000000000000f001141 79 00000000000000000e001160 84
1245886347.71 7 00000000000000000f001159 91 00000000000000000e00115e 85 00000000000000000e001158 81 00000000000000000e001160 84 00000000000000000f001141 86 00000000000000000f00115b 80 00000000000000000e00115a 82
